-1.000000000000000000e+00 -1.000000000000000000e+00 -1.000000000000000000e+00 -1.000000000000000000e+00 -1.000000000000000000e+00 -1.000000000000000000e+00 -1.000000000000000000e+00 -1.000000000000000000e+00 -1.000000000000000000e+00 -1.000000000000000000e+00
-1.000000000000000000e+00 3.370000000000000107e+00 8.039999999999999147e+00 2.270000000000000018e+00 5.290000000000000036e+00 7.269999999999999574e+00 7.049999999999999822e+00 -1.000000000000000000e+00 2.379999999999999893e+00 1.260000000000000009e+00
-1.000000000000000000e+00 3.339999999999999858e+00 7.730000000000000426e+00 2.220000000000000195e+00 5.320000000000000284e+00 7.250000000000000000e+00 7.129999999999999893e+00 -1.000000000000000000e+00 2.450000000000000178e+00 1.199999999999999956e+00
-1.000000000000000000e+00 3.359999999999999876e+00 8.070000000000000284e+00 2.299999999999999822e+00 5.320000000000000284e+00 7.139999999999999680e+00 7.089999999999999858e+00 -1.000000000000000000e+00 2.390000000000000124e+00 1.189999999999999947e+00
-1.000000000000000000e+00 3.390000000000000124e+00 7.679999999999999716e+00 2.359999999999999876e+00 5.339999999999999858e+00 7.219999999999999751e+00 7.129999999999999893e+00 -1.000000000000000000e+00 2.390000000000000124e+00 1.239999999999999991e+00
-1.000000000000000000e+00 3.399999999999999911e+00 8.009999999999999787e+00 2.279999999999999805e+00 5.339999999999999858e+00 7.059999999999999609e+00 7.120000000000000107e+00 -1.000000000000000000e+00 2.450000000000000178e+00 1.229999999999999982e+00
-1.000000000000000000e+00 3.370000000000000107e+00 7.900000000000000355e+00 2.270000000000000018e+00 5.330000000000000071e+00 7.209999999999999964e+00 7.110000000000000320e+00 -1.000000000000000000e+00 2.430000000000000160e+00 1.250000000000000000e+00
-1.000000000000000000e+00 3.379999999999999893e+00 8.019999999999999574e+00 2.310000000000000053e+00 5.240000000000000213e+00 7.209999999999999964e+00 7.110000000000000320e+00 -1.000000000000000000e+00 2.370000000000000107e+00 1.250000000000000000e+00
-1.000000000000000000e+00 3.410000000000000142e+00 7.769999999999999574e+00 2.259999999999999787e+00 5.280000000000000249e+00 7.179999999999999716e+00 7.169999999999999929e+00 -1.000000000000000000e+00 2.439999999999999947e+00 1.209999999999999964e+00
-1.000000000000000000e+00 3.379999999999999893e+00 7.620000000000000107e+00 2.229999999999999982e+00 5.280000000000000249e+00 7.219999999999999751e+00 7.129999999999999893e+00 -1.000000000000000000e+00 2.459999999999999964e+00 1.270000000000000018e+00
-1.000000000000000000e+00 3.399999999999999911e+00 8.000000000000000000e+00 2.259999999999999787e+00 5.240000000000000213e+00 7.169999999999999929e+00 7.160000000000000142e+00 -1.000000000000000000e+00 2.410000000000000142e+00 1.260000000000000009e+00
-1.000000000000000000e+00 3.370000000000000107e+00 7.969999999999999751e+00 2.270000000000000018e+00 5.280000000000000249e+00 7.219999999999999751e+00 7.179999999999999716e+00 -1.000000000000000000e+00 2.410000000000000142e+00 1.229999999999999982e+00
-1.000000000000000000e+00 3.390000000000000124e+00 7.940000000000000391e+00 2.290000000000000036e+00 5.280000000000000249e+00 7.200000000000000178e+00 7.080000000000000071e+00 -1.000000000000000000e+00 2.410000000000000142e+00 1.229999999999999982e+00
-1.000000000000000000e+00 3.419999999999999929e+00 7.799999999999999822e+00 2.299999999999999822e+00 5.320000000000000284e+00 7.150000000000000355e+00 7.089999999999999858e+00 -1.000000000000000000e+00 2.379999999999999893e+00 1.250000000000000000e+00
-1.000000000000000000e+00 3.339999999999999858e+00 -1.000000000000000000e+00 2.290000000000000036e+00 5.370000000000000107e+00 7.150000000000000355e+00 7.139999999999999680e+00 -1.000000000000000000e+00 2.399999999999999911e+00 1.250000000000000000e+00
-1.000000000000000000e+00 3.419999999999999929e+00 7.349999999999999645e+00 2.350000000000000089e+00 5.360000000000000320e+00 7.160000000000000142e+00 7.120000000000000107e+00 -1.000000000000000000e+00 2.350000000000000089e+00 1.219999999999999973e+00
-1.000000000000000000e+00 3.390000000000000124e+00 7.480000000000000426e+00 2.299999999999999822e+00 5.339999999999999858e+00 7.150000000000000355e+00 7.150000000000000355e+00 -1.000000000000000000e+00 2.450000000000000178e+00 1.260000000000000009e+00
-1.000000000000000000e+00 3.339999999999999858e+00 7.759999999999999787e+00 2.310000000000000053e+00 5.349999999999999645e+00 7.179999999999999716e+00 7.139999999999999680e+00 -1.000000000000000000e+00 2.439999999999999947e+00 1.250000000000000000e+00
-1.000000000000000000e+00 3.430000000000000160e+00 7.799999999999999822e+00 2.310000000000000053e+00 5.280000000000000249e+00 7.070000000000000284e+00 7.129999999999999893e+00 -1.000000000000000000e+00 2.410000000000000142e+00 1.239999999999999991e+00
-1.000000000000000000e+00 3.410000000000000142e+00 7.389999999999999680e+00 2.370000000000000107e+00 5.320000000000000284e+00 7.040000000000000036e+00 7.160000000000000142e+00 -1.000000000000000000e+00 2.419999999999999929e+00 1.270000000000000018e+00
-1.000000000000000000e+00 3.399999999999999911e+00 7.459999999999999964e+00 2.290000000000000036e+00 5.309999999999999609e+00 7.120000000000000107e+00 7.169999999999999929e+00 -1.000000000000000000e+00 2.390000000000000124e+00 1.219999999999999973e+00
-1.000000000000000000e+00 3.350000000000000089e+00 7.379999999999999893e+00 2.339999999999999858e+00 5.360000000000000320e+00 7.120000000000000107e+00 7.129999999999999893e+00 -1.000000000000000000e+00 2.390000000000000124e+00 1.260000000000000009e+00
-1.000000000000000000e+00 3.350000000000000089e+00 7.379999999999999893e+00 2.220000000000000195e+00 5.360000000000000320e+00 7.139999999999999680e+00 7.200000000000000178e+00 -1.000000000000000000e+00 2.379999999999999893e+00 1.270000000000000018e+00
-1.000000000000000000e+00 3.370000000000000107e+00 7.740000000000000213e+00 2.370000000000000107e+00 5.330000000000000071e+00 7.150000000000000355e+00 7.190000000000000391e+00 -1.000000000000000000e+00 2.410000000000000142e+00 1.250000000000000000e+00
-1.000000000000000000e+00 3.410000000000000142e+00 7.360000000000000320e+00 2.279999999999999805e+00 5.349999999999999645e+00 7.099999999999999645e+00 7.160000000000000142e+00 -1.000000000000000000e+00 2.439999999999999947e+00 1.280000000000000027e+00
-1.000000000000000000e+00 3.399999999999999911e+00 7.769999999999999574e+00 2.279999999999999805e+00 5.320000000000000284e+00 7.160000000000000142e+00 7.169999999999999929e+00 -1.000000000000000000e+00 2.390000000000000124e+00 1.209999999999999964e+00
-1.000000000000000000e+00 3.359999999999999876e+00 7.400000000000000355e+00 2.259999999999999787e+00 5.339999999999999858e+00 7.030000000000000249e+00 7.179999999999999716e+00 -1.000000000000000000e+00 2.390000000000000124e+00 1.199999999999999956e+00
-1.000000000000000000e+00 3.359999999999999876e+00 7.780000000000000249e+00 2.240000000000000213e+00 5.269999999999999574e+00 7.120000000000000107e+00 7.179999999999999716e+00 -1.000000000000000000e+00 2.410000000000000142e+00 1.219999999999999973e+00
-1.000000000000000000e+00 3.359999999999999876e+00 8.099999999999999645e+00 2.240000000000000213e+00 5.269999999999999574e+00 7.219999999999999751e+00 7.169999999999999929e+00 -1.000000000000000000e+00 2.419999999999999929e+00 1.219999999999999973e+00
-1.000000000000000000e+00 3.359999999999999876e+00 7.839999999999999858e+00 2.299999999999999822e+00 5.330000000000000071e+00 7.190000000000000391e+00 7.160000000000000142e+00 -1.000000000000000000e+00 2.430000000000000160e+00 1.219999999999999973e+00
-1.000000000000000000e+00 3.379999999999999893e+00 7.780000000000000249e+00 2.319999999999999840e+00 5.349999999999999645e+00 7.190000000000000391e+00 7.160000000000000142e+00 -1.000000000000000000e+00 2.410000000000000142e+00 1.250000000000000000e+00
-1.000000000000000000e+00 3.359999999999999876e+00 7.379999999999999893e+00 2.299999999999999822e+00 5.280000000000000249e+00 7.120000000000000107e+00 7.139999999999999680e+00 -1.000000000000000000e+00 2.439999999999999947e+00 1.260000000000000009e+00
-1.000000000000000000e+00 3.359999999999999876e+00 7.349999999999999645e+00 2.290000000000000036e+00 5.259999999999999787e+00 7.129999999999999893e+00 7.160000000000000142e+00 -1.000000000000000000e+00 2.370000000000000107e+00 1.229999999999999982e+00
-1.000000000000000000e+00 3.350000000000000089e+00 8.000000000000000000e+00 2.240000000000000213e+00 5.389999999999999680e+00 7.150000000000000355e+00 7.120000000000000107e+00 -1.000000000000000000e+00 2.439999999999999947e+00 1.219999999999999973e+00
-1.000000000000000000e+00 3.339999999999999858e+00 8.039999999999999147e+00 2.339999999999999858e+00 5.299999999999999822e+00 7.150000000000000355e+00 7.190000000000000391e+00 -1.000000000000000000e+00 2.419999999999999929e+00 1.239999999999999991e+00
-1.000000000000000000e+00 3.370000000000000107e+00 8.009999999999999787e+00 2.350000000000000089e+00 5.320000000000000284e+00 7.240000000000000213e+00 7.129999999999999893e+00 -1.000000000000000000e+00 2.350000000000000089e+00 1.199999999999999956e+00
-1.000000000000000000e+00 3.390000000000000124e+00 7.709999999999999964e+00 2.259999999999999787e+00 5.280000000000000249e+00 7.169999999999999929e+00 7.129999999999999893e+00 -1.000000000000000000e+00 2.390000000000000124e+00 -1.000000000000000000e+00
-1.000000000000000000e+00 3.370000000000000107e+00 8.029999999999999361e+00 2.290000000000000036e+00 5.259999999999999787e+00 7.139999999999999680e+00 7.120000000000000107e+00 -1.000000000000000000e+00 2.419999999999999929e+00 1.239999999999999991e+00
-1.000000000000000000e+00 3.390000000000000124e+00 8.089999999999999858e+00 2.299999999999999822e+00 5.230000000000000426e+00 7.179999999999999716e+00 7.169999999999999929e+00 -1.000000000000000000e+00 2.410000000000000142e+00 1.250000000000000000e+00
-1.000000000000000000e+00 3.379999999999999893e+00 7.730000000000000426e+00 2.299999999999999822e+00 5.259999999999999787e+00 7.169999999999999929e+00 7.150000000000000355e+00 -1.000000000000000000e+00 2.399999999999999911e+00 1.219999999999999973e+00
-1.000000000000000000e+00 3.399999999999999911e+00 7.709999999999999964e+00 2.310000000000000053e+00 5.309999999999999609e+00 7.059999999999999609e+00 7.129999999999999893e+00 -1.000000000000000000e+00 2.399999999999999911e+00 1.239999999999999991e+00
-1.000000000000000000e+00 3.390000000000000124e+00 7.730000000000000426e+00 2.259999999999999787e+00 5.309999999999999609e+00 7.160000000000000142e+00 7.129999999999999893e+00 -1.000000000000000000e+00 2.359999999999999876e+00 1.270000000000000018e+00
-1.000000000000000000e+00 3.370000000000000107e+00 8.060000000000000497e+00 2.279999999999999805e+00 5.299999999999999822e+00 7.129999999999999893e+00 7.169999999999999929e+00 -1.000000000000000000e+00 2.390000000000000124e+00 1.260000000000000009e+00
-1.000000000000000000e+00 3.350000000000000089e+00 7.709999999999999964e+00 2.290000000000000036e+00 5.280000000000000249e+00 7.129999999999999893e+00 7.129999999999999893e+00 -1.000000000000000000e+00 2.399999999999999911e+00 1.270000000000000018e+00
-1.000000000000000000e+00 3.379999999999999893e+00 8.039999999999999147e+00 2.270000000000000018e+00 5.280000000000000249e+00 7.160000000000000142e+00 7.139999999999999680e+00 -1.000000000000000000e+00 2.390000000000000124e+00 1.250000000000000000e+00
-1.000000000000000000e+00 3.419999999999999929e+00 8.109999999999999432e+00 2.299999999999999822e+00 5.290000000000000036e+00 7.129999999999999893e+00 7.190000000000000391e+00 -1.000000000000000000e+00 2.410000000000000142e+00 1.209999999999999964e+00
-1.000000000000000000e+00 3.379999999999999893e+00 8.019999999999999574e+00 2.279999999999999805e+00 5.309999999999999609e+00 7.110000000000000320e+00 7.179999999999999716e+00 -1.000000000000000000e+00 2.370000000000000107e+00 1.239999999999999991e+00
-1.000000000000000000e+00 3.379999999999999893e+00 7.809999999999999609e+00 2.209999999999999964e+00 5.299999999999999822e+00 7.110000000000000320e+00 7.129999999999999893e+00 -1.000000000000000000e+00 2.359999999999999876e+00 1.209999999999999964e+00
-1.000000000000000000e+00 3.370000000000000107e+00 8.019999999999999574e+00 2.250000000000000000e+00 5.259999999999999787e+00 7.129999999999999893e+00 7.150000000000000355e+00 -1.000000000000000000e+00 2.379999999999999893e+00 1.270000000000000018e+00
-1.000000000000000000e+00 3.339999999999999858e+00 7.669999999999999929e+00 2.350000000000000089e+00 5.280000000000000249e+00 7.169999999999999929e+00 7.160000000000000142e+00 -1.000000000000000000e+00 2.410000000000000142e+00 1.199999999999999956e+00
-1.000000000000000000e+00 3.370000000000000107e+00 7.750000000000000000e+00 2.279999999999999805e+00 5.330000000000000071e+00 7.209999999999999964e+00 7.169999999999999929e+00 -1.000000000000000000e+00 2.439999999999999947e+00 1.209999999999999964e+00
-1.000000000000000000e+00 3.370000000000000107e+00 7.290000000000000036e+00 2.330000000000000071e+00 5.320000000000000284e+00 7.179999999999999716e+00 7.139999999999999680e+00 -1.000000000000000000e+00 2.379999999999999893e+00 1.239999999999999991e+00
-1.000000000000000000e+00 3.379999999999999893e+00 8.060000000000000497e+00 2.229999999999999982e+00 5.309999999999999609e+00 7.160000000000000142e+00 7.150000000000000355e+00 -1.000000000000000000e+00 2.430000000000000160e+00 1.250000000000000000e+00
-1.000000000000000000e+00 3.350000000000000089e+00 8.080000000000000071e+00 2.299999999999999822e+00 5.320000000000000284e+00 7.080000000000000071e+00 7.179999999999999716e+00 -1.000000000000000000e+00 2.419999999999999929e+00 1.260000000000000009e+00
-1.000000000000000000e+00 3.379999999999999893e+00 8.119999999999999218e+00 2.279999999999999805e+00 5.320000000000000284e+00 7.209999999999999964e+00 7.120000000000000107e+00 -1.000000000000000000e+00 2.439999999999999947e+00 1.270000000000000018e+00
-1.000000000000000000e+00 3.379999999999999893e+00 7.730000000000000426e+00 2.250000000000000000e+00 5.309999999999999609e+00 7.129999999999999893e+00 7.179999999999999716e+00 -1.000000000000000000e+00 2.390000000000000124e+00 1.229999999999999982e+00
-1.000000000000000000e+00 3.359999999999999876e+00 7.650000000000000355e+00 2.259999999999999787e+00 5.309999999999999609e+00 7.129999999999999893e+00 7.179999999999999716e+00 -1.000000000000000000e+00 2.419999999999999929e+00 1.270000000000000018e+00
-1.000000000000000000e+00 3.399999999999999911e+00 7.950000000000000178e+00 2.290000000000000036e+00 5.259999999999999787e+00 7.129999999999999893e+00 7.139999999999999680e+00 -1.000000000000000000e+00 2.419999999999999929e+00 1.239999999999999991e+00
-1.000000000000000000e+00 3.370000000000000107e+00 8.019999999999999574e+00 2.299999999999999822e+00 5.250000000000000000e+00 7.110000000000000320e+00 7.190000000000000391e+00 -1.000000000000000000e+00 2.419999999999999929e+00 1.229999999999999982e+00
-1.000000000000000000e+00 3.359999999999999876e+00 8.060000000000000497e+00 2.310000000000000053e+00 5.330000000000000071e+00 7.129999999999999893e+00 7.200000000000000178e+00 -1.000000000000000000e+00 2.339999999999999858e+00 1.250000000000000000e+00
-1.000000000000000000e+00 3.339999999999999858e+00 7.740000000000000213e+00 2.270000000000000018e+00 5.330000000000000071e+00 7.169999999999999929e+00 7.150000000000000355e+00 -1.000000000000000000e+00 2.359999999999999876e+00 1.239999999999999991e+00
-1.000000000000000000e+00 3.370000000000000107e+00 8.099999999999999645e+00 2.279999999999999805e+00 5.259999999999999787e+00 7.120000000000000107e+00 7.169999999999999929e+00 -1.000000000000000000e+00 2.410000000000000142e+00 1.260000000000000009e+00
-1.000000000000000000e+00 3.379999999999999893e+00 7.719999999999999751e+00 2.279999999999999805e+00 5.299999999999999822e+00 7.200000000000000178e+00 7.139999999999999680e+00 -1.000000000000000000e+00 2.359999999999999876e+00 1.219999999999999973e+00
-1.000000000000000000e+00 3.379999999999999893e+00 8.050000000000000711e+00 2.330000000000000071e+00 5.219999999999999751e+00 7.099999999999999645e+00 7.169999999999999929e+00 -1.000000000000000000e+00 2.379999999999999893e+00 1.270000000000000018e+00
-1.000000000000000000e+00 3.359999999999999876e+00 8.070000000000000284e+00 2.270000000000000018e+00 5.209999999999999964e+00 7.099999999999999645e+00 7.080000000000000071e+00 -1.000000000000000000e+00 2.390000000000000124e+00 1.179999999999999938e+00
-1.000000000000000000e+00 3.379999999999999893e+00 7.780000000000000249e+00 2.299999999999999822e+00 5.290000000000000036e+00 7.179999999999999716e+00 7.160000000000000142e+00 -1.000000000000000000e+00 2.410000000000000142e+00 1.260000000000000009e+00
-1.000000000000000000e+00 3.410000000000000142e+00 7.780000000000000249e+00 2.220000000000000195e+00 5.290000000000000036e+00 7.089999999999999858e+00 7.139999999999999680e+00 -1.000000000000000000e+00 2.399999999999999911e+00 1.219999999999999973e+00
-1.000000000000000000e+00 3.359999999999999876e+00 8.099999999999999645e+00 2.200000000000000178e+00 5.299999999999999822e+00 7.129999999999999893e+00 7.139999999999999680e+00 -1.000000000000000000e+00 2.410000000000000142e+00 1.229999999999999982e+00
-1.000000000000000000e+00 3.370000000000000107e+00 8.109999999999999432e+00 2.319999999999999840e+00 5.259999999999999787e+00 7.059999999999999609e+00 7.179999999999999716e+00 -1.000000000000000000e+00 2.410000000000000142e+00 1.229999999999999982e+00
-1.000000000000000000e+00 3.399999999999999911e+00 8.119999999999999218e+00 2.319999999999999840e+00 5.320000000000000284e+00 7.129999999999999893e+00 7.129999999999999893e+00 -1.000000000000000000e+00 2.350000000000000089e+00 1.250000000000000000e+00
-1.000000000000000000e+00 3.390000000000000124e+00 8.099999999999999645e+00 2.299999999999999822e+00 5.259999999999999787e+00 7.160000000000000142e+00 7.129999999999999893e+00 -1.000000000000000000e+00 2.379999999999999893e+00 1.250000000000000000e+00
-1.000000000000000000e+00 3.359999999999999876e+00 7.799999999999999822e+00 2.319999999999999840e+00 5.269999999999999574e+00 7.190000000000000391e+00 7.129999999999999893e+00 -1.000000000000000000e+00 2.379999999999999893e+00 1.239999999999999991e+00
-1.000000000000000000e+00 3.410000000000000142e+00 7.990000000000000213e+00 2.310000000000000053e+00 5.330000000000000071e+00 7.200000000000000178e+00 7.129999999999999893e+00 -1.000000000000000000e+00 2.410000000000000142e+00 1.229999999999999982e+00
-1.000000000000000000e+00 3.319999999999999840e+00 8.050000000000000711e+00 2.319999999999999840e+00 5.290000000000000036e+00 7.200000000000000178e+00 7.169999999999999929e+00 -1.000000000000000000e+00 2.359999999999999876e+00 1.239999999999999991e+00
-1.000000000000000000e+00 3.370000000000000107e+00 8.029999999999999361e+00 2.299999999999999822e+00 5.299999999999999822e+00 7.129999999999999893e+00 7.150000000000000355e+00 -1.000000000000000000e+00 2.390000000000000124e+00 1.219999999999999973e+00
-1.000000000000000000e+00 3.370000000000000107e+00 7.679999999999999716e+00 2.310000000000000053e+00 5.309999999999999609e+00 7.139999999999999680e+00 7.120000000000000107e+00 -1.000000000000000000e+00 2.390000000000000124e+00 1.270000000000000018e+00
-1.000000000000000000e+00 3.410000000000000142e+00 8.029999999999999361e+00 2.229999999999999982e+00 5.259999999999999787e+00 7.179999999999999716e+00 7.139999999999999680e+00 -1.000000000000000000e+00 2.359999999999999876e+00 1.250000000000000000e+00
-1.000000000000000000e+00 3.399999999999999911e+00 8.009999999999999787e+00 2.299999999999999822e+00 5.320000000000000284e+00 7.110000000000000320e+00 7.120000000000000107e+00 -1.000000000000000000e+00 2.399999999999999911e+00 1.199999999999999956e+00
-1.000000000000000000e+00 3.350000000000000089e+00 8.019999999999999574e+00 2.250000000000000000e+00 5.290000000000000036e+00 7.179999999999999716e+00 7.110000000000000320e+00 -1.000000000000000000e+00 2.459999999999999964e+00 1.260000000000000009e+00
-1.000000000000000000e+00 3.410000000000000142e+00 7.669999999999999929e+00 2.259999999999999787e+00 5.330000000000000071e+00 7.110000000000000320e+00 7.169999999999999929e+00 -1.000000000000000000e+00 2.399999999999999911e+00 1.229999999999999982e+00
-1.000000000000000000e+00 3.339999999999999858e+00 7.950000000000000178e+00 2.229999999999999982e+00 5.339999999999999858e+00 7.129999999999999893e+00 7.160000000000000142e+00 -1.000000000000000000e+00 2.439999999999999947e+00 1.209999999999999964e+00
-1.000000000000000000e+00 3.359999999999999876e+00 7.349999999999999645e+00 2.310000000000000053e+00 5.259999999999999787e+00 7.150000000000000355e+00 7.160000000000000142e+00 -1.000000000000000000e+00 2.370000000000000107e+00 1.239999999999999991e+00
-1.000000000000000000e+00 3.399999999999999911e+00 7.299999999999999822e+00 2.250000000000000000e+00 5.280000000000000249e+00 7.169999999999999929e+00 7.160000000000000142e+00 -1.000000000000000000e+00 2.410000000000000142e+00 1.229999999999999982e+00
-1.000000000000000000e+00 3.390000000000000124e+00 8.039999999999999147e+00 2.270000000000000018e+00 5.309999999999999609e+00 7.139999999999999680e+00 7.139999999999999680e+00 -1.000000000000000000e+00 2.450000000000000178e+00 1.260000000000000009e+00
-1.000000000000000000e+00 3.359999999999999876e+00 7.599999999999999645e+00 2.279999999999999805e+00 5.280000000000000249e+00 7.209999999999999964e+00 7.139999999999999680e+00 -1.000000000000000000e+00 2.390000000000000124e+00 1.209999999999999964e+00
-1.000000000000000000e+00 3.390000000000000124e+00 8.039999999999999147e+00 2.310000000000000053e+00 5.309999999999999609e+00 7.179999999999999716e+00 7.160000000000000142e+00 -1.000000000000000000e+00 2.419999999999999929e+00 1.260000000000000009e+00
-1.000000000000000000e+00 3.359999999999999876e+00 8.039999999999999147e+00 2.299999999999999822e+00 5.280000000000000249e+00 7.120000000000000107e+00 7.129999999999999893e+00 -1.000000000000000000e+00 2.410000000000000142e+00 1.239999999999999991e+00
-1.000000000000000000e+00 3.379999999999999893e+00 8.029999999999999361e+00 2.299999999999999822e+00 5.309999999999999609e+00 7.099999999999999645e+00 7.089999999999999858e+00 -1.000000000000000000e+00 2.410000000000000142e+00 1.260000000000000009e+00
-1.000000000000000000e+00 3.350000000000000089e+00 8.070000000000000284e+00 2.319999999999999840e+00 5.290000000000000036e+00 -1.000000000000000000e+00 7.129999999999999893e+00 -1.000000000000000000e+00 2.430000000000000160e+00 1.179999999999999938e+00
-1.000000000000000000e+00 3.350000000000000089e+00 8.029999999999999361e+00 2.310000000000000053e+00 5.250000000000000000e+00 7.190000000000000391e+00 7.169999999999999929e+00 -1.000000000000000000e+00 2.390000000000000124e+00 1.189999999999999947e+00
-1.000000000000000000e+00 3.379999999999999893e+00 7.419999999999999929e+00 2.299999999999999822e+00 5.330000000000000071e+00 7.179999999999999716e+00 7.129999999999999893e+00 -1.000000000000000000e+00 2.399999999999999911e+00 1.219999999999999973e+00
-1.000000000000000000e+00 3.390000000000000124e+00 8.080000000000000071e+00 2.290000000000000036e+00 5.320000000000000284e+00 7.250000000000000000e+00 7.150000000000000355e+00 -1.000000000000000000e+00 2.419999999999999929e+00 1.270000000000000018e+00
-1.000000000000000000e+00 3.439999999999999947e+00 7.400000000000000355e+00 2.279999999999999805e+00 5.309999999999999609e+00 7.139999999999999680e+00 7.120000000000000107e+00 -1.000000000000000000e+00 2.439999999999999947e+00 1.209999999999999964e+00
-1.000000000000000000e+00 3.350000000000000089e+00 8.029999999999999361e+00 2.290000000000000036e+00 5.320000000000000284e+00 7.099999999999999645e+00 7.139999999999999680e+00 -1.000000000000000000e+00 2.379999999999999893e+00 1.209999999999999964e+00
-1.000000000000000000e+00 3.399999999999999911e+00 8.039999999999999147e+00 2.290000000000000036e+00 5.269999999999999574e+00 7.139999999999999680e+00 7.160000000000000142e+00 -1.000000000000000000e+00 2.330000000000000071e+00 1.239999999999999991e+00
-1.000000000000000000e+00 3.399999999999999911e+00 7.639999999999999680e+00 2.200000000000000178e+00 5.320000000000000284e+00 7.059999999999999609e+00 7.099999999999999645e+00 -1.000000000000000000e+00 2.370000000000000107e+00 1.229999999999999982e+00
-1.000000000000000000e+00 3.350000000000000089e+00 7.669999999999999929e+00 2.279999999999999805e+00 5.320000000000000284e+00 7.200000000000000178e+00 7.099999999999999645e+00 -1.000000000000000000e+00 2.399999999999999911e+00 1.209999999999999964e+00
-1.000000000000000000e+00 3.350000000000000089e+00 8.089999999999999858e+00 2.299999999999999822e+00 5.299999999999999822e+00 7.089999999999999858e+00 7.120000000000000107e+00 -1.000000000000000000e+00 2.419999999999999929e+00 1.229999999999999982e+00
-1.000000000000000000e+00 3.359999999999999876e+00 8.029999999999999361e+00 2.310000000000000053e+00 5.259999999999999787e+00 7.110000000000000320e+00 7.129999999999999893e+00 -1.000000000000000000e+00 2.419999999999999929e+00 1.260000000000000009e+00
-1.000000000000000000e+00 3.330000000000000071e+00 7.690000000000000391e+00 2.299999999999999822e+00 5.320000000000000284e+00 7.129999999999999893e+00 7.110000000000000320e+00 -1.000000000000000000e+00 2.459999999999999964e+00 1.270000000000000018e+00
