-1.000000000000000000e+00 -1.000000000000000000e+00 -1.000000000000000000e+00 -1.000000000000000000e+00 -1.000000000000000000e+00 -1.000000000000000000e+00 -1.000000000000000000e+00 -1.000000000000000000e+00 -1.000000000000000000e+00 -1.000000000000000000e+00
1.209999999999999964e+00 2.620000000000000107e+00 -1.000000000000000000e+00 2.569999999999999840e+00 4.820000000000000284e+00 7.049999999999999822e+00 7.129999999999999893e+00 3.350000000000000089e+00 9.499999999999999556e-01 -1.000000000000000000e+00
1.219999999999999973e+00 2.580000000000000071e+00 -1.000000000000000000e+00 2.589999999999999858e+00 4.830000000000000071e+00 7.049999999999999822e+00 7.129999999999999893e+00 3.330000000000000071e+00 1.040000000000000036e+00 -1.000000000000000000e+00
1.209999999999999964e+00 2.600000000000000089e+00 -1.000000000000000000e+00 2.600000000000000089e+00 4.759999999999999787e+00 7.129999999999999893e+00 7.070000000000000284e+00 3.310000000000000053e+00 9.499999999999999556e-01 -1.000000000000000000e+00
1.179999999999999938e+00 2.649999999999999911e+00 -1.000000000000000000e+00 2.600000000000000089e+00 4.780000000000000249e+00 6.990000000000000213e+00 7.120000000000000107e+00 3.330000000000000071e+00 1.010000000000000009e+00 -1.000000000000000000e+00
1.169999999999999929e+00 2.629999999999999893e+00 -1.000000000000000000e+00 2.589999999999999858e+00 4.780000000000000249e+00 7.049999999999999822e+00 -1.000000000000000000e+00 3.279999999999999805e+00 1.010000000000000009e+00 -1.000000000000000000e+00
1.169999999999999929e+00 2.669999999999999929e+00 -1.000000000000000000e+00 2.640000000000000124e+00 4.860000000000000320e+00 7.019999999999999574e+00 7.150000000000000355e+00 3.310000000000000053e+00 1.000000000000000000e+00 -1.000000000000000000e+00
1.129999999999999893e+00 2.629999999999999893e+00 -1.000000000000000000e+00 2.589999999999999858e+00 4.790000000000000036e+00 7.019999999999999574e+00 7.089999999999999858e+00 3.319999999999999840e+00 1.040000000000000036e+00 -1.000000000000000000e+00
1.129999999999999893e+00 2.680000000000000160e+00 -1.000000000000000000e+00 2.640000000000000124e+00 4.860000000000000320e+00 7.019999999999999574e+00 7.139999999999999680e+00 3.319999999999999840e+00 9.699999999999999734e-01 -1.000000000000000000e+00
1.179999999999999938e+00 2.600000000000000089e+00 -1.000000000000000000e+00 2.520000000000000018e+00 4.809999999999999609e+00 7.120000000000000107e+00 7.099999999999999645e+00 3.270000000000000018e+00 1.020000000000000018e+00 -1.000000000000000000e+00
1.129999999999999893e+00 2.660000000000000142e+00 -1.000000000000000000e+00 2.560000000000000053e+00 4.809999999999999609e+00 7.049999999999999822e+00 7.120000000000000107e+00 3.330000000000000071e+00 1.030000000000000027e+00 -1.000000000000000000e+00
1.179999999999999938e+00 2.589999999999999858e+00 -1.000000000000000000e+00 2.669999999999999929e+00 4.860000000000000320e+00 7.049999999999999822e+00 7.099999999999999645e+00 3.319999999999999840e+00 1.010000000000000009e+00 -1.000000000000000000e+00
1.169999999999999929e+00 2.580000000000000071e+00 -1.000000000000000000e+00 2.629999999999999893e+00 4.809999999999999609e+00 7.080000000000000071e+00 7.099999999999999645e+00 3.290000000000000036e+00 9.799999999999999822e-01 -1.000000000000000000e+00
1.139999999999999902e+00 2.660000000000000142e+00 -1.000000000000000000e+00 2.620000000000000107e+00 4.799999999999999822e+00 7.059999999999999609e+00 7.129999999999999893e+00 3.290000000000000036e+00 1.010000000000000009e+00 -1.000000000000000000e+00
1.189999999999999947e+00 2.609999999999999876e+00 -1.000000000000000000e+00 2.660000000000000142e+00 4.790000000000000036e+00 7.019999999999999574e+00 7.129999999999999893e+00 3.370000000000000107e+00 1.000000000000000000e+00 -1.000000000000000000e+00
1.159999999999999920e+00 2.649999999999999911e+00 -1.000000000000000000e+00 2.629999999999999893e+00 4.769999999999999574e+00 6.950000000000000178e+00 7.099999999999999645e+00 3.299999999999999822e+00 1.010000000000000009e+00 -1.000000000000000000e+00
1.169999999999999929e+00 2.669999999999999929e+00 -1.000000000000000000e+00 2.509999999999999787e+00 4.719999999999999751e+00 7.070000000000000284e+00 7.160000000000000142e+00 3.319999999999999840e+00 9.899999999999999911e-01 -1.000000000000000000e+00
1.189999999999999947e+00 2.620000000000000107e+00 -1.000000000000000000e+00 2.640000000000000124e+00 4.860000000000000320e+00 7.080000000000000071e+00 7.139999999999999680e+00 3.299999999999999822e+00 1.050000000000000044e+00 -1.000000000000000000e+00
1.159999999999999920e+00 2.629999999999999893e+00 -1.000000000000000000e+00 2.589999999999999858e+00 4.759999999999999787e+00 6.969999999999999751e+00 7.110000000000000320e+00 3.350000000000000089e+00 9.599999999999999645e-01 -1.000000000000000000e+00
1.189999999999999947e+00 2.629999999999999893e+00 -1.000000000000000000e+00 2.589999999999999858e+00 4.839999999999999858e+00 7.059999999999999609e+00 7.080000000000000071e+00 3.310000000000000053e+00 1.030000000000000027e+00 -1.000000000000000000e+00
1.199999999999999956e+00 2.660000000000000142e+00 -1.000000000000000000e+00 2.580000000000000071e+00 4.870000000000000107e+00 7.000000000000000000e+00 7.160000000000000142e+00 3.290000000000000036e+00 1.040000000000000036e+00 -1.000000000000000000e+00
1.159999999999999920e+00 2.609999999999999876e+00 -1.000000000000000000e+00 2.600000000000000089e+00 4.849999999999999645e+00 6.980000000000000426e+00 7.160000000000000142e+00 3.339999999999999858e+00 1.000000000000000000e+00 -1.000000000000000000e+00
1.179999999999999938e+00 2.629999999999999893e+00 -1.000000000000000000e+00 2.589999999999999858e+00 4.820000000000000284e+00 6.900000000000000355e+00 7.160000000000000142e+00 3.339999999999999858e+00 1.010000000000000009e+00 -1.000000000000000000e+00
1.199999999999999956e+00 2.589999999999999858e+00 -1.000000000000000000e+00 2.560000000000000053e+00 4.780000000000000249e+00 7.040000000000000036e+00 7.099999999999999645e+00 3.310000000000000053e+00 1.010000000000000009e+00 -1.000000000000000000e+00
1.169999999999999929e+00 2.609999999999999876e+00 -1.000000000000000000e+00 2.660000000000000142e+00 4.799999999999999822e+00 7.030000000000000249e+00 7.120000000000000107e+00 3.330000000000000071e+00 1.030000000000000027e+00 -1.000000000000000000e+00
1.179999999999999938e+00 2.580000000000000071e+00 -1.000000000000000000e+00 2.569999999999999840e+00 4.759999999999999787e+00 7.000000000000000000e+00 7.129999999999999893e+00 3.330000000000000071e+00 9.799999999999999822e-01 -1.000000000000000000e+00
1.199999999999999956e+00 2.629999999999999893e+00 -1.000000000000000000e+00 2.600000000000000089e+00 4.830000000000000071e+00 7.000000000000000000e+00 7.179999999999999716e+00 3.310000000000000053e+00 1.000000000000000000e+00 -1.000000000000000000e+00
1.159999999999999920e+00 2.569999999999999840e+00 -1.000000000000000000e+00 2.589999999999999858e+00 4.759999999999999787e+00 7.049999999999999822e+00 7.160000000000000142e+00 3.310000000000000053e+00 9.899999999999999911e-01 -1.000000000000000000e+00
1.199999999999999956e+00 2.609999999999999876e+00 -1.000000000000000000e+00 2.520000000000000018e+00 4.799999999999999822e+00 7.049999999999999822e+00 7.120000000000000107e+00 3.339999999999999858e+00 9.899999999999999911e-01 -1.000000000000000000e+00
1.159999999999999920e+00 2.640000000000000124e+00 -1.000000000000000000e+00 2.580000000000000071e+00 4.799999999999999822e+00 7.040000000000000036e+00 7.110000000000000320e+00 3.310000000000000053e+00 1.010000000000000009e+00 -1.000000000000000000e+00
1.219999999999999973e+00 2.620000000000000107e+00 -1.000000000000000000e+00 2.560000000000000053e+00 4.799999999999999822e+00 7.070000000000000284e+00 7.129999999999999893e+00 3.310000000000000053e+00 1.030000000000000027e+00 -1.000000000000000000e+00
1.189999999999999947e+00 2.640000000000000124e+00 -1.000000000000000000e+00 2.549999999999999822e+00 4.780000000000000249e+00 7.059999999999999609e+00 7.150000000000000355e+00 3.319999999999999840e+00 1.030000000000000027e+00 -1.000000000000000000e+00
1.179999999999999938e+00 2.629999999999999893e+00 -1.000000000000000000e+00 2.569999999999999840e+00 4.799999999999999822e+00 7.129999999999999893e+00 7.129999999999999893e+00 3.299999999999999822e+00 9.599999999999999645e-01 -1.000000000000000000e+00
1.179999999999999938e+00 2.649999999999999911e+00 -1.000000000000000000e+00 2.500000000000000000e+00 4.809999999999999609e+00 7.089999999999999858e+00 7.160000000000000142e+00 3.330000000000000071e+00 1.040000000000000036e+00 -1.000000000000000000e+00
1.159999999999999920e+00 2.629999999999999893e+00 -1.000000000000000000e+00 2.549999999999999822e+00 4.790000000000000036e+00 6.980000000000000426e+00 7.179999999999999716e+00 3.310000000000000053e+00 9.699999999999999734e-01 -1.000000000000000000e+00
1.179999999999999938e+00 2.640000000000000124e+00 -1.000000000000000000e+00 2.620000000000000107e+00 4.790000000000000036e+00 7.080000000000000071e+00 7.110000000000000320e+00 3.290000000000000036e+00 9.499999999999999556e-01 -1.000000000000000000e+00
1.179999999999999938e+00 2.660000000000000142e+00 -1.000000000000000000e+00 2.580000000000000071e+00 4.799999999999999822e+00 7.030000000000000249e+00 7.179999999999999716e+00 3.279999999999999805e+00 1.000000000000000000e+00 -1.000000000000000000e+00
1.189999999999999947e+00 2.629999999999999893e+00 -1.000000000000000000e+00 2.569999999999999840e+00 4.799999999999999822e+00 7.080000000000000071e+00 7.160000000000000142e+00 3.310000000000000053e+00 1.040000000000000036e+00 -1.000000000000000000e+00
1.229999999999999982e+00 2.620000000000000107e+00 -1.000000000000000000e+00 2.620000000000000107e+00 4.839999999999999858e+00 6.950000000000000178e+00 7.179999999999999716e+00 3.339999999999999858e+00 9.899999999999999911e-01 -1.000000000000000000e+00
1.179999999999999938e+00 2.649999999999999911e+00 -1.000000000000000000e+00 2.569999999999999840e+00 4.820000000000000284e+00 7.099999999999999645e+00 7.150000000000000355e+00 3.319999999999999840e+00 1.020000000000000018e+00 -1.000000000000000000e+00
1.159999999999999920e+00 2.609999999999999876e+00 -1.000000000000000000e+00 2.620000000000000107e+00 4.799999999999999822e+00 6.990000000000000213e+00 7.099999999999999645e+00 3.330000000000000071e+00 1.010000000000000009e+00 -1.000000000000000000e+00
1.179999999999999938e+00 2.680000000000000160e+00 -1.000000000000000000e+00 2.620000000000000107e+00 4.799999999999999822e+00 7.110000000000000320e+00 7.099999999999999645e+00 3.339999999999999858e+00 9.899999999999999911e-01 -1.000000000000000000e+00
1.209999999999999964e+00 2.589999999999999858e+00 -1.000000000000000000e+00 2.589999999999999858e+00 4.790000000000000036e+00 7.120000000000000107e+00 7.110000000000000320e+00 3.310000000000000053e+00 9.599999999999999645e-01 -1.000000000000000000e+00
1.189999999999999947e+00 2.589999999999999858e+00 -1.000000000000000000e+00 2.629999999999999893e+00 4.780000000000000249e+00 7.089999999999999858e+00 7.169999999999999929e+00 3.310000000000000053e+00 1.020000000000000018e+00 -1.000000000000000000e+00
1.189999999999999947e+00 2.649999999999999911e+00 -1.000000000000000000e+00 2.549999999999999822e+00 4.740000000000000213e+00 7.030000000000000249e+00 7.139999999999999680e+00 3.299999999999999822e+00 9.699999999999999734e-01 -1.000000000000000000e+00
1.169999999999999929e+00 2.609999999999999876e+00 -1.000000000000000000e+00 2.629999999999999893e+00 4.830000000000000071e+00 7.030000000000000249e+00 7.120000000000000107e+00 3.299999999999999822e+00 9.699999999999999734e-01 -1.000000000000000000e+00
1.179999999999999938e+00 2.660000000000000142e+00 -1.000000000000000000e+00 2.589999999999999858e+00 4.820000000000000284e+00 7.070000000000000284e+00 7.129999999999999893e+00 3.299999999999999822e+00 1.050000000000000044e+00 -1.000000000000000000e+00
1.189999999999999947e+00 2.609999999999999876e+00 -1.000000000000000000e+00 2.589999999999999858e+00 4.889999999999999680e+00 6.959999999999999964e+00 7.099999999999999645e+00 3.279999999999999805e+00 9.799999999999999822e-01 -1.000000000000000000e+00
1.149999999999999911e+00 2.609999999999999876e+00 -1.000000000000000000e+00 2.600000000000000089e+00 4.769999999999999574e+00 7.049999999999999822e+00 7.160000000000000142e+00 3.299999999999999822e+00 1.020000000000000018e+00 -1.000000000000000000e+00
1.159999999999999920e+00 2.649999999999999911e+00 -1.000000000000000000e+00 2.629999999999999893e+00 4.790000000000000036e+00 7.089999999999999858e+00 7.160000000000000142e+00 3.299999999999999822e+00 9.499999999999999556e-01 -1.000000000000000000e+00
1.129999999999999893e+00 2.660000000000000142e+00 -1.000000000000000000e+00 2.609999999999999876e+00 4.809999999999999609e+00 7.080000000000000071e+00 7.150000000000000355e+00 3.279999999999999805e+00 9.699999999999999734e-01 -1.000000000000000000e+00
1.199999999999999956e+00 2.640000000000000124e+00 -1.000000000000000000e+00 2.600000000000000089e+00 4.839999999999999858e+00 7.000000000000000000e+00 7.129999999999999893e+00 3.290000000000000036e+00 9.699999999999999734e-01 -1.000000000000000000e+00
1.139999999999999902e+00 2.669999999999999929e+00 -1.000000000000000000e+00 2.629999999999999893e+00 4.830000000000000071e+00 7.000000000000000000e+00 7.099999999999999645e+00 3.279999999999999805e+00 1.030000000000000027e+00 -1.000000000000000000e+00
1.149999999999999911e+00 2.629999999999999893e+00 -1.000000000000000000e+00 2.600000000000000089e+00 4.830000000000000071e+00 7.089999999999999858e+00 7.129999999999999893e+00 3.299999999999999822e+00 1.050000000000000044e+00 -1.000000000000000000e+00
1.189999999999999947e+00 2.649999999999999911e+00 -1.000000000000000000e+00 2.520000000000000018e+00 4.769999999999999574e+00 7.000000000000000000e+00 7.150000000000000355e+00 3.330000000000000071e+00 9.899999999999999911e-01 -1.000000000000000000e+00
1.159999999999999920e+00 2.620000000000000107e+00 -1.000000000000000000e+00 2.649999999999999911e+00 4.849999999999999645e+00 6.980000000000000426e+00 7.099999999999999645e+00 3.299999999999999822e+00 9.799999999999999822e-01 -1.000000000000000000e+00
1.120000000000000107e+00 2.640000000000000124e+00 -1.000000000000000000e+00 2.540000000000000036e+00 4.839999999999999858e+00 7.080000000000000071e+00 7.209999999999999964e+00 3.310000000000000053e+00 1.000000000000000000e+00 -1.000000000000000000e+00
1.149999999999999911e+00 2.609999999999999876e+00 -1.000000000000000000e+00 2.609999999999999876e+00 4.790000000000000036e+00 7.059999999999999609e+00 7.129999999999999893e+00 3.319999999999999840e+00 9.599999999999999645e-01 -1.000000000000000000e+00
1.199999999999999956e+00 2.629999999999999893e+00 -1.000000000000000000e+00 2.609999999999999876e+00 4.780000000000000249e+00 7.059999999999999609e+00 7.150000000000000355e+00 3.339999999999999858e+00 1.030000000000000027e+00 -1.000000000000000000e+00
1.159999999999999920e+00 2.629999999999999893e+00 -1.000000000000000000e+00 2.560000000000000053e+00 4.799999999999999822e+00 7.000000000000000000e+00 7.139999999999999680e+00 3.319999999999999840e+00 9.699999999999999734e-01 -1.000000000000000000e+00
1.179999999999999938e+00 2.649999999999999911e+00 -1.000000000000000000e+00 2.660000000000000142e+00 4.809999999999999609e+00 7.089999999999999858e+00 7.179999999999999716e+00 3.330000000000000071e+00 1.010000000000000009e+00 -1.000000000000000000e+00
1.149999999999999911e+00 2.600000000000000089e+00 -1.000000000000000000e+00 2.589999999999999858e+00 4.780000000000000249e+00 7.030000000000000249e+00 7.190000000000000391e+00 3.350000000000000089e+00 1.010000000000000009e+00 -1.000000000000000000e+00
1.189999999999999947e+00 2.600000000000000089e+00 -1.000000000000000000e+00 2.680000000000000160e+00 4.769999999999999574e+00 7.059999999999999609e+00 7.150000000000000355e+00 3.310000000000000053e+00 9.499999999999999556e-01 -1.000000000000000000e+00
1.189999999999999947e+00 2.629999999999999893e+00 -1.000000000000000000e+00 2.600000000000000089e+00 4.759999999999999787e+00 7.089999999999999858e+00 7.150000000000000355e+00 3.319999999999999840e+00 1.030000000000000027e+00 -1.000000000000000000e+00
1.199999999999999956e+00 2.640000000000000124e+00 -1.000000000000000000e+00 2.649999999999999911e+00 4.849999999999999645e+00 6.990000000000000213e+00 7.089999999999999858e+00 3.350000000000000089e+00 1.000000000000000000e+00 -1.000000000000000000e+00
1.159999999999999920e+00 2.569999999999999840e+00 -1.000000000000000000e+00 2.649999999999999911e+00 4.799999999999999822e+00 6.969999999999999751e+00 7.129999999999999893e+00 3.339999999999999858e+00 9.899999999999999911e-01 -1.000000000000000000e+00
1.179999999999999938e+00 2.620000000000000107e+00 -1.000000000000000000e+00 2.660000000000000142e+00 4.830000000000000071e+00 7.099999999999999645e+00 7.150000000000000355e+00 3.299999999999999822e+00 1.010000000000000009e+00 -1.000000000000000000e+00
1.169999999999999929e+00 2.649999999999999911e+00 -1.000000000000000000e+00 2.640000000000000124e+00 4.750000000000000000e+00 7.099999999999999645e+00 7.200000000000000178e+00 3.310000000000000053e+00 1.000000000000000000e+00 -1.000000000000000000e+00
1.169999999999999929e+00 2.649999999999999911e+00 -1.000000000000000000e+00 2.629999999999999893e+00 4.820000000000000284e+00 7.030000000000000249e+00 7.200000000000000178e+00 3.330000000000000071e+00 1.020000000000000018e+00 -1.000000000000000000e+00
1.169999999999999929e+00 2.589999999999999858e+00 -1.000000000000000000e+00 2.569999999999999840e+00 4.820000000000000284e+00 7.019999999999999574e+00 7.139999999999999680e+00 3.350000000000000089e+00 9.699999999999999734e-01 -1.000000000000000000e+00
1.209999999999999964e+00 2.669999999999999929e+00 -1.000000000000000000e+00 2.609999999999999876e+00 4.799999999999999822e+00 7.000000000000000000e+00 7.120000000000000107e+00 3.319999999999999840e+00 1.000000000000000000e+00 -1.000000000000000000e+00
1.169999999999999929e+00 2.669999999999999929e+00 -1.000000000000000000e+00 2.560000000000000053e+00 4.799999999999999822e+00 7.049999999999999822e+00 7.169999999999999929e+00 3.330000000000000071e+00 9.799999999999999822e-01 -1.000000000000000000e+00
1.199999999999999956e+00 2.629999999999999893e+00 -1.000000000000000000e+00 2.549999999999999822e+00 4.759999999999999787e+00 7.049999999999999822e+00 7.150000000000000355e+00 3.319999999999999840e+00 9.799999999999999822e-01 -1.000000000000000000e+00
1.189999999999999947e+00 2.600000000000000089e+00 -1.000000000000000000e+00 2.629999999999999893e+00 4.839999999999999858e+00 7.049999999999999822e+00 7.150000000000000355e+00 3.290000000000000036e+00 1.040000000000000036e+00 -1.000000000000000000e+00
1.159999999999999920e+00 2.649999999999999911e+00 -1.000000000000000000e+00 2.600000000000000089e+00 4.790000000000000036e+00 7.129999999999999893e+00 7.120000000000000107e+00 3.359999999999999876e+00 9.799999999999999822e-01 -1.000000000000000000e+00
1.199999999999999956e+00 2.629999999999999893e+00 -1.000000000000000000e+00 2.569999999999999840e+00 4.849999999999999645e+00 7.049999999999999822e+00 7.139999999999999680e+00 3.279999999999999805e+00 1.010000000000000009e+00 -1.000000000000000000e+00
1.159999999999999920e+00 2.609999999999999876e+00 -1.000000000000000000e+00 2.589999999999999858e+00 4.799999999999999822e+00 7.030000000000000249e+00 7.139999999999999680e+00 3.339999999999999858e+00 1.040000000000000036e+00 -1.000000000000000000e+00
1.179999999999999938e+00 2.620000000000000107e+00 -1.000000000000000000e+00 2.569999999999999840e+00 4.820000000000000284e+00 7.099999999999999645e+00 7.139999999999999680e+00 3.279999999999999805e+00 9.799999999999999822e-01 -1.000000000000000000e+00
1.199999999999999956e+00 2.600000000000000089e+00 -1.000000000000000000e+00 2.629999999999999893e+00 4.780000000000000249e+00 7.000000000000000000e+00 7.110000000000000320e+00 3.310000000000000053e+00 1.040000000000000036e+00 -1.000000000000000000e+00
1.159999999999999920e+00 2.640000000000000124e+00 -1.000000000000000000e+00 2.640000000000000124e+00 4.750000000000000000e+00 7.070000000000000284e+00 7.120000000000000107e+00 3.290000000000000036e+00 9.499999999999999556e-01 -1.000000000000000000e+00
1.189999999999999947e+00 2.649999999999999911e+00 -1.000000000000000000e+00 2.620000000000000107e+00 4.799999999999999822e+00 6.919999999999999929e+00 7.099999999999999645e+00 3.330000000000000071e+00 1.000000000000000000e+00 -1.000000000000000000e+00
1.179999999999999938e+00 2.640000000000000124e+00 -1.000000000000000000e+00 2.629999999999999893e+00 4.879999999999999893e+00 7.000000000000000000e+00 7.089999999999999858e+00 3.359999999999999876e+00 1.050000000000000044e+00 -1.000000000000000000e+00
1.159999999999999920e+00 2.589999999999999858e+00 -1.000000000000000000e+00 2.580000000000000071e+00 4.730000000000000426e+00 7.030000000000000249e+00 7.139999999999999680e+00 3.330000000000000071e+00 9.399999999999999467e-01 -1.000000000000000000e+00
1.149999999999999911e+00 2.660000000000000142e+00 -1.000000000000000000e+00 2.609999999999999876e+00 4.780000000000000249e+00 7.040000000000000036e+00 7.129999999999999893e+00 3.310000000000000053e+00 1.000000000000000000e+00 -1.000000000000000000e+00
1.209999999999999964e+00 2.589999999999999858e+00 -1.000000000000000000e+00 2.600000000000000089e+00 4.759999999999999787e+00 6.959999999999999964e+00 7.110000000000000320e+00 3.350000000000000089e+00 1.050000000000000044e+00 -1.000000000000000000e+00
1.189999999999999947e+00 2.640000000000000124e+00 -1.000000000000000000e+00 2.549999999999999822e+00 4.809999999999999609e+00 6.990000000000000213e+00 7.059999999999999609e+00 3.299999999999999822e+00 1.000000000000000000e+00 -1.000000000000000000e+00
1.199999999999999956e+00 2.660000000000000142e+00 -1.000000000000000000e+00 2.660000000000000142e+00 4.750000000000000000e+00 7.040000000000000036e+00 7.080000000000000071e+00 3.319999999999999840e+00 1.010000000000000009e+00 -1.000000000000000000e+00
1.179999999999999938e+00 2.669999999999999929e+00 -1.000000000000000000e+00 2.649999999999999911e+00 4.790000000000000036e+00 7.030000000000000249e+00 7.110000000000000320e+00 3.339999999999999858e+00 1.030000000000000027e+00 -1.000000000000000000e+00
1.199999999999999956e+00 2.640000000000000124e+00 -1.000000000000000000e+00 2.629999999999999893e+00 4.780000000000000249e+00 7.089999999999999858e+00 7.129999999999999893e+00 3.279999999999999805e+00 9.499999999999999556e-01 -1.000000000000000000e+00
1.169999999999999929e+00 2.609999999999999876e+00 -1.000000000000000000e+00 2.580000000000000071e+00 4.759999999999999787e+00 7.059999999999999609e+00 7.089999999999999858e+00 3.350000000000000089e+00 9.399999999999999467e-01 -1.000000000000000000e+00
1.179999999999999938e+00 2.640000000000000124e+00 -1.000000000000000000e+00 2.600000000000000089e+00 4.799999999999999822e+00 6.980000000000000426e+00 7.150000000000000355e+00 3.310000000000000053e+00 9.799999999999999822e-01 -1.000000000000000000e+00
1.189999999999999947e+00 2.649999999999999911e+00 -1.000000000000000000e+00 2.660000000000000142e+00 4.780000000000000249e+00 7.019999999999999574e+00 7.190000000000000391e+00 3.379999999999999893e+00 9.699999999999999734e-01 -1.000000000000000000e+00
1.199999999999999956e+00 2.620000000000000107e+00 -1.000000000000000000e+00 2.589999999999999858e+00 4.830000000000000071e+00 6.990000000000000213e+00 7.129999999999999893e+00 3.339999999999999858e+00 9.899999999999999911e-01 -1.000000000000000000e+00
1.139999999999999902e+00 2.589999999999999858e+00 -1.000000000000000000e+00 2.549999999999999822e+00 -1.000000000000000000e+00 7.049999999999999822e+00 7.120000000000000107e+00 3.330000000000000071e+00 9.699999999999999734e-01 -1.000000000000000000e+00
1.199999999999999956e+00 2.629999999999999893e+00 -1.000000000000000000e+00 2.589999999999999858e+00 4.870000000000000107e+00 7.049999999999999822e+00 7.099999999999999645e+00 3.339999999999999858e+00 9.899999999999999911e-01 -1.000000000000000000e+00
1.199999999999999956e+00 2.589999999999999858e+00 -1.000000000000000000e+00 2.589999999999999858e+00 4.780000000000000249e+00 7.000000000000000000e+00 7.169999999999999929e+00 3.330000000000000071e+00 1.000000000000000000e+00 -1.000000000000000000e+00
1.149999999999999911e+00 2.640000000000000124e+00 -1.000000000000000000e+00 2.600000000000000089e+00 4.799999999999999822e+00 7.080000000000000071e+00 7.139999999999999680e+00 3.319999999999999840e+00 1.000000000000000000e+00 -1.000000000000000000e+00
1.179999999999999938e+00 2.649999999999999911e+00 -1.000000000000000000e+00 2.600000000000000089e+00 4.769999999999999574e+00 7.070000000000000284e+00 7.120000000000000107e+00 3.350000000000000089e+00 9.499999999999999556e-01 -1.000000000000000000e+00
1.139999999999999902e+00 2.620000000000000107e+00 -1.000000000000000000e+00 2.609999999999999876e+00 4.860000000000000320e+00 6.980000000000000426e+00 7.129999999999999893e+00 3.299999999999999822e+00 1.010000000000000009e+00 -1.000000000000000000e+00
1.169999999999999929e+00 2.649999999999999911e+00 -1.000000000000000000e+00 2.620000000000000107e+00 4.769999999999999574e+00 7.019999999999999574e+00 7.110000000000000320e+00 3.279999999999999805e+00 1.000000000000000000e+00 -1.000000000000000000e+00
