-1.000000000000000000e+00 -1.000000000000000000e+00 -1.000000000000000000e+00 -1.000000000000000000e+00 -1.000000000000000000e+00 -1.000000000000000000e+00 -1.000000000000000000e+00 -1.000000000000000000e+00 -1.000000000000000000e+00 -1.000000000000000000e+00
2.430000000000000160e+00 2.339999999999999858e+00 -1.000000000000000000e+00 3.370000000000000107e+00 4.599999999999999645e+00 7.160000000000000142e+00 -1.000000000000000000e+00 3.950000000000000178e+00 -1.000000000000000000e+00 1.050000000000000044e+00
2.410000000000000142e+00 2.279999999999999805e+00 -1.000000000000000000e+00 3.379999999999999893e+00 4.589999999999999858e+00 7.209999999999999964e+00 7.370000000000000107e+00 3.850000000000000089e+00 -1.000000000000000000e+00 1.030000000000000027e+00
2.430000000000000160e+00 2.299999999999999822e+00 -1.000000000000000000e+00 3.350000000000000089e+00 4.570000000000000284e+00 7.179999999999999716e+00 7.349999999999999645e+00 3.919999999999999929e+00 -1.000000000000000000e+00 1.030000000000000027e+00
2.419999999999999929e+00 2.310000000000000053e+00 -1.000000000000000000e+00 3.319999999999999840e+00 4.629999999999999893e+00 7.150000000000000355e+00 7.299999999999999822e+00 3.850000000000000089e+00 -1.000000000000000000e+00 1.040000000000000036e+00
2.430000000000000160e+00 2.240000000000000213e+00 -1.000000000000000000e+00 3.319999999999999840e+00 4.660000000000000142e+00 7.139999999999999680e+00 7.290000000000000036e+00 3.879999999999999893e+00 -1.000000000000000000e+00 1.020000000000000018e+00
2.439999999999999947e+00 2.310000000000000053e+00 -1.000000000000000000e+00 3.359999999999999876e+00 4.650000000000000355e+00 7.230000000000000426e+00 7.360000000000000320e+00 3.830000000000000071e+00 -1.000000000000000000e+00 1.040000000000000036e+00
2.419999999999999929e+00 2.290000000000000036e+00 -1.000000000000000000e+00 3.299999999999999822e+00 4.580000000000000071e+00 7.250000000000000000e+00 7.309999999999999609e+00 3.910000000000000142e+00 -1.000000000000000000e+00 1.050000000000000044e+00
2.419999999999999929e+00 2.279999999999999805e+00 -1.000000000000000000e+00 3.310000000000000053e+00 4.599999999999999645e+00 7.179999999999999716e+00 7.429999999999999716e+00 3.810000000000000053e+00 -1.000000000000000000e+00 1.010000000000000009e+00
2.450000000000000178e+00 2.299999999999999822e+00 -1.000000000000000000e+00 3.319999999999999840e+00 4.559999999999999609e+00 7.150000000000000355e+00 7.320000000000000284e+00 3.890000000000000124e+00 -1.000000000000000000e+00 1.030000000000000027e+00
2.450000000000000178e+00 2.299999999999999822e+00 -1.000000000000000000e+00 3.350000000000000089e+00 4.589999999999999858e+00 7.049999999999999822e+00 7.410000000000000142e+00 3.910000000000000142e+00 -1.000000000000000000e+00 1.010000000000000009e+00
2.450000000000000178e+00 2.270000000000000018e+00 -1.000000000000000000e+00 3.319999999999999840e+00 4.629999999999999893e+00 7.209999999999999964e+00 7.299999999999999822e+00 3.850000000000000089e+00 -1.000000000000000000e+00 1.010000000000000009e+00
2.479999999999999982e+00 2.330000000000000071e+00 -1.000000000000000000e+00 3.299999999999999822e+00 4.629999999999999893e+00 7.139999999999999680e+00 7.400000000000000355e+00 3.859999999999999876e+00 -1.000000000000000000e+00 1.040000000000000036e+00
2.439999999999999947e+00 2.270000000000000018e+00 -1.000000000000000000e+00 3.370000000000000107e+00 4.599999999999999645e+00 7.150000000000000355e+00 7.360000000000000320e+00 3.919999999999999929e+00 -1.000000000000000000e+00 1.020000000000000018e+00
2.439999999999999947e+00 2.299999999999999822e+00 -1.000000000000000000e+00 3.330000000000000071e+00 4.639999999999999680e+00 7.160000000000000142e+00 7.349999999999999645e+00 3.859999999999999876e+00 -1.000000000000000000e+00 1.020000000000000018e+00
2.459999999999999964e+00 2.279999999999999805e+00 -1.000000000000000000e+00 3.390000000000000124e+00 4.599999999999999645e+00 7.160000000000000142e+00 7.219999999999999751e+00 3.899999999999999911e+00 -1.000000000000000000e+00 1.000000000000000000e+00
2.450000000000000178e+00 2.240000000000000213e+00 -1.000000000000000000e+00 3.370000000000000107e+00 4.610000000000000320e+00 7.110000000000000320e+00 7.339999999999999858e+00 3.899999999999999911e+00 -1.000000000000000000e+00 1.030000000000000027e+00
2.450000000000000178e+00 2.339999999999999858e+00 -1.000000000000000000e+00 3.339999999999999858e+00 4.570000000000000284e+00 7.209999999999999964e+00 7.349999999999999645e+00 3.879999999999999893e+00 -1.000000000000000000e+00 1.050000000000000044e+00
2.450000000000000178e+00 2.279999999999999805e+00 -1.000000000000000000e+00 3.310000000000000053e+00 4.559999999999999609e+00 7.150000000000000355e+00 7.419999999999999929e+00 3.870000000000000107e+00 -1.000000000000000000e+00 1.050000000000000044e+00
2.419999999999999929e+00 2.240000000000000213e+00 -1.000000000000000000e+00 3.350000000000000089e+00 4.639999999999999680e+00 7.089999999999999858e+00 7.280000000000000249e+00 3.859999999999999876e+00 -1.000000000000000000e+00 9.799999999999999822e-01
2.439999999999999947e+00 2.299999999999999822e+00 -1.000000000000000000e+00 3.350000000000000089e+00 4.610000000000000320e+00 7.219999999999999751e+00 7.400000000000000355e+00 3.850000000000000089e+00 -1.000000000000000000e+00 1.030000000000000027e+00
2.450000000000000178e+00 2.330000000000000071e+00 -1.000000000000000000e+00 3.350000000000000089e+00 4.549999999999999822e+00 7.179999999999999716e+00 7.349999999999999645e+00 3.859999999999999876e+00 -1.000000000000000000e+00 1.010000000000000009e+00
2.459999999999999964e+00 2.270000000000000018e+00 -1.000000000000000000e+00 3.339999999999999858e+00 4.610000000000000320e+00 7.169999999999999929e+00 7.339999999999999858e+00 3.830000000000000071e+00 -1.000000000000000000e+00 1.020000000000000018e+00
2.430000000000000160e+00 2.279999999999999805e+00 -1.000000000000000000e+00 3.350000000000000089e+00 4.629999999999999893e+00 7.160000000000000142e+00 7.299999999999999822e+00 3.859999999999999876e+00 -1.000000000000000000e+00 1.010000000000000009e+00
2.430000000000000160e+00 2.279999999999999805e+00 -1.000000000000000000e+00 3.379999999999999893e+00 4.599999999999999645e+00 7.200000000000000178e+00 7.370000000000000107e+00 3.879999999999999893e+00 -1.000000000000000000e+00 1.050000000000000044e+00
2.419999999999999929e+00 2.299999999999999822e+00 -1.000000000000000000e+00 3.399999999999999911e+00 4.589999999999999858e+00 7.190000000000000391e+00 7.389999999999999680e+00 3.850000000000000089e+00 -1.000000000000000000e+00 1.030000000000000027e+00
2.430000000000000160e+00 2.319999999999999840e+00 -1.000000000000000000e+00 3.290000000000000036e+00 4.660000000000000142e+00 7.179999999999999716e+00 7.320000000000000284e+00 3.899999999999999911e+00 -1.000000000000000000e+00 1.000000000000000000e+00
2.430000000000000160e+00 2.330000000000000071e+00 -1.000000000000000000e+00 3.319999999999999840e+00 4.650000000000000355e+00 7.240000000000000213e+00 7.330000000000000071e+00 3.910000000000000142e+00 -1.000000000000000000e+00 1.040000000000000036e+00
2.450000000000000178e+00 2.310000000000000053e+00 -1.000000000000000000e+00 3.399999999999999911e+00 4.570000000000000284e+00 7.209999999999999964e+00 7.309999999999999609e+00 3.819999999999999840e+00 -1.000000000000000000e+00 1.000000000000000000e+00
2.459999999999999964e+00 2.290000000000000036e+00 -1.000000000000000000e+00 3.350000000000000089e+00 4.599999999999999645e+00 7.110000000000000320e+00 7.400000000000000355e+00 3.910000000000000142e+00 -1.000000000000000000e+00 1.040000000000000036e+00
2.439999999999999947e+00 2.279999999999999805e+00 -1.000000000000000000e+00 3.339999999999999858e+00 4.620000000000000107e+00 7.190000000000000391e+00 7.379999999999999893e+00 3.850000000000000089e+00 -1.000000000000000000e+00 1.010000000000000009e+00
2.470000000000000195e+00 2.330000000000000071e+00 -1.000000000000000000e+00 3.290000000000000036e+00 4.599999999999999645e+00 7.160000000000000142e+00 7.349999999999999645e+00 3.879999999999999893e+00 -1.000000000000000000e+00 1.040000000000000036e+00
2.439999999999999947e+00 2.350000000000000089e+00 -1.000000000000000000e+00 3.330000000000000071e+00 4.580000000000000071e+00 7.129999999999999893e+00 7.339999999999999858e+00 3.839999999999999858e+00 -1.000000000000000000e+00 1.050000000000000044e+00
2.439999999999999947e+00 2.350000000000000089e+00 -1.000000000000000000e+00 3.319999999999999840e+00 4.629999999999999893e+00 7.209999999999999964e+00 7.349999999999999645e+00 3.939999999999999947e+00 -1.000000000000000000e+00 9.699999999999999734e-01
2.419999999999999929e+00 2.330000000000000071e+00 -1.000000000000000000e+00 3.359999999999999876e+00 4.599999999999999645e+00 7.129999999999999893e+00 7.370000000000000107e+00 3.859999999999999876e+00 -1.000000000000000000e+00 1.030000000000000027e+00
2.419999999999999929e+00 2.319999999999999840e+00 -1.000000000000000000e+00 3.359999999999999876e+00 4.639999999999999680e+00 7.120000000000000107e+00 7.360000000000000320e+00 3.870000000000000107e+00 -1.000000000000000000e+00 1.040000000000000036e+00
2.459999999999999964e+00 2.350000000000000089e+00 -1.000000000000000000e+00 3.339999999999999858e+00 4.629999999999999893e+00 7.179999999999999716e+00 7.370000000000000107e+00 3.799999999999999822e+00 -1.000000000000000000e+00 1.050000000000000044e+00
2.439999999999999947e+00 2.290000000000000036e+00 -1.000000000000000000e+00 3.350000000000000089e+00 4.650000000000000355e+00 7.120000000000000107e+00 7.429999999999999716e+00 3.819999999999999840e+00 -1.000000000000000000e+00 1.020000000000000018e+00
2.430000000000000160e+00 2.240000000000000213e+00 -1.000000000000000000e+00 3.339999999999999858e+00 4.589999999999999858e+00 7.230000000000000426e+00 7.309999999999999609e+00 3.850000000000000089e+00 -1.000000000000000000e+00 1.000000000000000000e+00
2.419999999999999929e+00 2.299999999999999822e+00 -1.000000000000000000e+00 3.399999999999999911e+00 4.559999999999999609e+00 7.209999999999999964e+00 7.360000000000000320e+00 3.879999999999999893e+00 -1.000000000000000000e+00 1.020000000000000018e+00
2.419999999999999929e+00 2.350000000000000089e+00 -1.000000000000000000e+00 3.319999999999999840e+00 4.589999999999999858e+00 7.179999999999999716e+00 7.259999999999999787e+00 3.830000000000000071e+00 -1.000000000000000000e+00 1.030000000000000027e+00
2.470000000000000195e+00 2.290000000000000036e+00 -1.000000000000000000e+00 3.379999999999999893e+00 4.530000000000000249e+00 7.209999999999999964e+00 7.389999999999999680e+00 3.870000000000000107e+00 -1.000000000000000000e+00 1.030000000000000027e+00
2.450000000000000178e+00 2.310000000000000053e+00 -1.000000000000000000e+00 3.359999999999999876e+00 4.629999999999999893e+00 7.200000000000000178e+00 7.339999999999999858e+00 3.850000000000000089e+00 -1.000000000000000000e+00 1.030000000000000027e+00
2.459999999999999964e+00 2.240000000000000213e+00 -1.000000000000000000e+00 3.370000000000000107e+00 4.580000000000000071e+00 7.209999999999999964e+00 7.299999999999999822e+00 3.919999999999999929e+00 -1.000000000000000000e+00 1.040000000000000036e+00
2.410000000000000142e+00 2.319999999999999840e+00 -1.000000000000000000e+00 3.339999999999999858e+00 4.589999999999999858e+00 7.209999999999999964e+00 7.330000000000000071e+00 3.890000000000000124e+00 -1.000000000000000000e+00 1.040000000000000036e+00
2.430000000000000160e+00 2.290000000000000036e+00 -1.000000000000000000e+00 3.379999999999999893e+00 4.540000000000000036e+00 7.230000000000000426e+00 7.419999999999999929e+00 3.910000000000000142e+00 -1.000000000000000000e+00 1.050000000000000044e+00
2.470000000000000195e+00 2.330000000000000071e+00 -1.000000000000000000e+00 3.319999999999999840e+00 4.620000000000000107e+00 7.219999999999999751e+00 7.379999999999999893e+00 3.870000000000000107e+00 -1.000000000000000000e+00 1.070000000000000062e+00
2.410000000000000142e+00 2.299999999999999822e+00 -1.000000000000000000e+00 3.350000000000000089e+00 4.620000000000000107e+00 7.129999999999999893e+00 7.389999999999999680e+00 3.910000000000000142e+00 -1.000000000000000000e+00 1.030000000000000027e+00
2.439999999999999947e+00 2.279999999999999805e+00 -1.000000000000000000e+00 3.319999999999999840e+00 4.599999999999999645e+00 7.179999999999999716e+00 7.299999999999999822e+00 3.870000000000000107e+00 -1.000000000000000000e+00 1.010000000000000009e+00
2.450000000000000178e+00 2.270000000000000018e+00 -1.000000000000000000e+00 3.370000000000000107e+00 4.669999999999999929e+00 7.209999999999999964e+00 7.360000000000000320e+00 3.850000000000000089e+00 -1.000000000000000000e+00 9.899999999999999911e-01
2.439999999999999947e+00 2.270000000000000018e+00 -1.000000000000000000e+00 3.370000000000000107e+00 4.650000000000000355e+00 7.190000000000000391e+00 7.349999999999999645e+00 3.879999999999999893e+00 -1.000000000000000000e+00 1.010000000000000009e+00
2.390000000000000124e+00 2.310000000000000053e+00 -1.000000000000000000e+00 3.299999999999999822e+00 4.599999999999999645e+00 7.160000000000000142e+00 7.370000000000000107e+00 3.890000000000000124e+00 -1.000000000000000000e+00 1.000000000000000000e+00
2.450000000000000178e+00 2.250000000000000000e+00 -1.000000000000000000e+00 3.339999999999999858e+00 4.599999999999999645e+00 7.150000000000000355e+00 7.429999999999999716e+00 3.910000000000000142e+00 -1.000000000000000000e+00 1.020000000000000018e+00
2.430000000000000160e+00 2.290000000000000036e+00 -1.000000000000000000e+00 3.310000000000000053e+00 4.639999999999999680e+00 7.200000000000000178e+00 7.360000000000000320e+00 3.850000000000000089e+00 -1.000000000000000000e+00 1.070000000000000062e+00
2.430000000000000160e+00 2.299999999999999822e+00 -1.000000000000000000e+00 3.410000000000000142e+00 4.549999999999999822e+00 7.179999999999999716e+00 7.330000000000000071e+00 3.810000000000000053e+00 -1.000000000000000000e+00 1.050000000000000044e+00
2.430000000000000160e+00 2.290000000000000036e+00 -1.000000000000000000e+00 3.359999999999999876e+00 4.580000000000000071e+00 7.169999999999999929e+00 7.400000000000000355e+00 3.850000000000000089e+00 -1.000000000000000000e+00 1.030000000000000027e+00
2.419999999999999929e+00 2.279999999999999805e+00 -1.000000000000000000e+00 3.379999999999999893e+00 4.599999999999999645e+00 7.160000000000000142e+00 7.360000000000000320e+00 3.859999999999999876e+00 -1.000000000000000000e+00 1.010000000000000009e+00
2.410000000000000142e+00 2.290000000000000036e+00 -1.000000000000000000e+00 3.350000000000000089e+00 4.559999999999999609e+00 7.179999999999999716e+00 7.349999999999999645e+00 3.859999999999999876e+00 -1.000000000000000000e+00 1.030000000000000027e+00
2.439999999999999947e+00 2.299999999999999822e+00 -1.000000000000000000e+00 3.339999999999999858e+00 4.660000000000000142e+00 7.209999999999999964e+00 7.320000000000000284e+00 3.910000000000000142e+00 -1.000000000000000000e+00 1.020000000000000018e+00
2.459999999999999964e+00 2.270000000000000018e+00 -1.000000000000000000e+00 3.299999999999999822e+00 4.669999999999999929e+00 7.209999999999999964e+00 7.299999999999999822e+00 3.850000000000000089e+00 -1.000000000000000000e+00 1.030000000000000027e+00
2.439999999999999947e+00 2.350000000000000089e+00 -1.000000000000000000e+00 3.370000000000000107e+00 4.549999999999999822e+00 7.160000000000000142e+00 7.309999999999999609e+00 3.899999999999999911e+00 -1.000000000000000000e+00 1.030000000000000027e+00
2.439999999999999947e+00 2.299999999999999822e+00 -1.000000000000000000e+00 3.299999999999999822e+00 4.559999999999999609e+00 7.209999999999999964e+00 7.330000000000000071e+00 3.850000000000000089e+00 -1.000000000000000000e+00 1.020000000000000018e+00
2.470000000000000195e+00 2.270000000000000018e+00 -1.000000000000000000e+00 3.350000000000000089e+00 4.629999999999999893e+00 7.209999999999999964e+00 7.330000000000000071e+00 3.850000000000000089e+00 -1.000000000000000000e+00 1.050000000000000044e+00
2.459999999999999964e+00 2.290000000000000036e+00 -1.000000000000000000e+00 3.350000000000000089e+00 4.559999999999999609e+00 7.139999999999999680e+00 7.410000000000000142e+00 3.850000000000000089e+00 -1.000000000000000000e+00 1.010000000000000009e+00
2.410000000000000142e+00 2.270000000000000018e+00 -1.000000000000000000e+00 3.379999999999999893e+00 4.610000000000000320e+00 7.209999999999999964e+00 7.290000000000000036e+00 3.879999999999999893e+00 -1.000000000000000000e+00 1.000000000000000000e+00
2.419999999999999929e+00 2.279999999999999805e+00 -1.000000000000000000e+00 3.299999999999999822e+00 4.589999999999999858e+00 7.179999999999999716e+00 7.280000000000000249e+00 3.879999999999999893e+00 -1.000000000000000000e+00 1.030000000000000027e+00
2.450000000000000178e+00 2.250000000000000000e+00 -1.000000000000000000e+00 3.310000000000000053e+00 4.629999999999999893e+00 7.169999999999999929e+00 7.330000000000000071e+00 3.899999999999999911e+00 -1.000000000000000000e+00 1.000000000000000000e+00
2.430000000000000160e+00 2.339999999999999858e+00 -1.000000000000000000e+00 3.259999999999999787e+00 4.549999999999999822e+00 7.240000000000000213e+00 7.389999999999999680e+00 3.859999999999999876e+00 -1.000000000000000000e+00 1.020000000000000018e+00
2.439999999999999947e+00 2.270000000000000018e+00 -1.000000000000000000e+00 3.359999999999999876e+00 4.589999999999999858e+00 7.150000000000000355e+00 7.349999999999999645e+00 3.870000000000000107e+00 -1.000000000000000000e+00 1.020000000000000018e+00
2.450000000000000178e+00 2.290000000000000036e+00 -1.000000000000000000e+00 3.359999999999999876e+00 4.540000000000000036e+00 7.190000000000000391e+00 7.320000000000000284e+00 3.850000000000000089e+00 -1.000000000000000000e+00 1.000000000000000000e+00
2.470000000000000195e+00 2.270000000000000018e+00 -1.000000000000000000e+00 3.399999999999999911e+00 4.599999999999999645e+00 7.169999999999999929e+00 7.389999999999999680e+00 3.919999999999999929e+00 -1.000000000000000000e+00 1.020000000000000018e+00
2.470000000000000195e+00 2.299999999999999822e+00 -1.000000000000000000e+00 3.359999999999999876e+00 4.599999999999999645e+00 7.179999999999999716e+00 7.299999999999999822e+00 3.890000000000000124e+00 -1.000000000000000000e+00 9.799999999999999822e-01
2.439999999999999947e+00 2.240000000000000213e+00 -1.000000000000000000e+00 3.319999999999999840e+00 4.530000000000000249e+00 7.129999999999999893e+00 7.309999999999999609e+00 3.910000000000000142e+00 -1.000000000000000000e+00 1.030000000000000027e+00
2.419999999999999929e+00 2.259999999999999787e+00 -1.000000000000000000e+00 3.310000000000000053e+00 4.490000000000000213e+00 7.169999999999999929e+00 7.360000000000000320e+00 3.850000000000000089e+00 -1.000000000000000000e+00 1.020000000000000018e+00
2.459999999999999964e+00 2.259999999999999787e+00 -1.000000000000000000e+00 3.350000000000000089e+00 4.580000000000000071e+00 7.139999999999999680e+00 7.360000000000000320e+00 3.919999999999999929e+00 -1.000000000000000000e+00 1.040000000000000036e+00
2.430000000000000160e+00 2.319999999999999840e+00 -1.000000000000000000e+00 3.350000000000000089e+00 4.589999999999999858e+00 7.209999999999999964e+00 7.280000000000000249e+00 3.870000000000000107e+00 -1.000000000000000000e+00 1.020000000000000018e+00
2.450000000000000178e+00 2.299999999999999822e+00 -1.000000000000000000e+00 3.279999999999999805e+00 4.610000000000000320e+00 7.209999999999999964e+00 7.309999999999999609e+00 3.850000000000000089e+00 -1.000000000000000000e+00 1.010000000000000009e+00
2.410000000000000142e+00 2.350000000000000089e+00 -1.000000000000000000e+00 3.359999999999999876e+00 4.599999999999999645e+00 7.139999999999999680e+00 7.349999999999999645e+00 3.930000000000000160e+00 -1.000000000000000000e+00 1.030000000000000027e+00
2.430000000000000160e+00 2.319999999999999840e+00 -1.000000000000000000e+00 3.350000000000000089e+00 4.610000000000000320e+00 7.179999999999999716e+00 7.400000000000000355e+00 3.850000000000000089e+00 -1.000000000000000000e+00 1.080000000000000071e+00
2.419999999999999929e+00 2.279999999999999805e+00 -1.000000000000000000e+00 3.339999999999999858e+00 4.599999999999999645e+00 7.150000000000000355e+00 7.339999999999999858e+00 3.879999999999999893e+00 -1.000000000000000000e+00 1.050000000000000044e+00
2.450000000000000178e+00 2.330000000000000071e+00 -1.000000000000000000e+00 3.370000000000000107e+00 4.620000000000000107e+00 7.129999999999999893e+00 7.360000000000000320e+00 3.850000000000000089e+00 -1.000000000000000000e+00 9.799999999999999822e-01
2.459999999999999964e+00 2.290000000000000036e+00 -1.000000000000000000e+00 3.339999999999999858e+00 4.650000000000000355e+00 7.230000000000000426e+00 7.400000000000000355e+00 3.910000000000000142e+00 -1.000000000000000000e+00 1.040000000000000036e+00
2.430000000000000160e+00 2.270000000000000018e+00 -1.000000000000000000e+00 3.359999999999999876e+00 4.599999999999999645e+00 7.209999999999999964e+00 7.299999999999999822e+00 3.890000000000000124e+00 -1.000000000000000000e+00 1.040000000000000036e+00
2.450000000000000178e+00 2.310000000000000053e+00 -1.000000000000000000e+00 3.319999999999999840e+00 4.549999999999999822e+00 7.200000000000000178e+00 7.330000000000000071e+00 3.859999999999999876e+00 -1.000000000000000000e+00 1.030000000000000027e+00
2.450000000000000178e+00 2.359999999999999876e+00 -1.000000000000000000e+00 3.350000000000000089e+00 4.639999999999999680e+00 7.200000000000000178e+00 7.349999999999999645e+00 3.890000000000000124e+00 -1.000000000000000000e+00 1.030000000000000027e+00
2.439999999999999947e+00 2.250000000000000000e+00 -1.000000000000000000e+00 3.339999999999999858e+00 4.639999999999999680e+00 7.240000000000000213e+00 7.370000000000000107e+00 3.850000000000000089e+00 -1.000000000000000000e+00 1.020000000000000018e+00
2.459999999999999964e+00 2.339999999999999858e+00 -1.000000000000000000e+00 3.379999999999999893e+00 4.650000000000000355e+00 7.150000000000000355e+00 7.360000000000000320e+00 3.850000000000000089e+00 -1.000000000000000000e+00 1.050000000000000044e+00
2.410000000000000142e+00 2.299999999999999822e+00 -1.000000000000000000e+00 3.310000000000000053e+00 4.690000000000000391e+00 7.160000000000000142e+00 7.379999999999999893e+00 3.899999999999999911e+00 -1.000000000000000000e+00 1.040000000000000036e+00
2.479999999999999982e+00 2.339999999999999858e+00 -1.000000000000000000e+00 3.390000000000000124e+00 4.580000000000000071e+00 7.250000000000000000e+00 7.370000000000000107e+00 3.870000000000000107e+00 -1.000000000000000000e+00 1.030000000000000027e+00
2.399999999999999911e+00 2.339999999999999858e+00 -1.000000000000000000e+00 3.330000000000000071e+00 4.599999999999999645e+00 7.349999999999999645e+00 7.379999999999999893e+00 3.890000000000000124e+00 -1.000000000000000000e+00 1.010000000000000009e+00
2.500000000000000000e+00 2.240000000000000213e+00 -1.000000000000000000e+00 3.339999999999999858e+00 4.629999999999999893e+00 7.139999999999999680e+00 7.400000000000000355e+00 3.890000000000000124e+00 -1.000000000000000000e+00 1.010000000000000009e+00
2.450000000000000178e+00 2.319999999999999840e+00 -1.000000000000000000e+00 3.299999999999999822e+00 4.610000000000000320e+00 7.169999999999999929e+00 7.379999999999999893e+00 3.819999999999999840e+00 -1.000000000000000000e+00 1.010000000000000009e+00
2.450000000000000178e+00 2.250000000000000000e+00 -1.000000000000000000e+00 3.350000000000000089e+00 4.610000000000000320e+00 7.089999999999999858e+00 7.320000000000000284e+00 3.910000000000000142e+00 -1.000000000000000000e+00 1.050000000000000044e+00
2.459999999999999964e+00 2.290000000000000036e+00 -1.000000000000000000e+00 3.379999999999999893e+00 4.620000000000000107e+00 7.150000000000000355e+00 7.360000000000000320e+00 3.839999999999999858e+00 -1.000000000000000000e+00 9.899999999999999911e-01
2.430000000000000160e+00 2.270000000000000018e+00 -1.000000000000000000e+00 3.319999999999999840e+00 4.629999999999999893e+00 7.200000000000000178e+00 7.379999999999999893e+00 3.859999999999999876e+00 -1.000000000000000000e+00 1.010000000000000009e+00
2.419999999999999929e+00 2.350000000000000089e+00 -1.000000000000000000e+00 3.350000000000000089e+00 4.639999999999999680e+00 7.179999999999999716e+00 7.370000000000000107e+00 3.799999999999999822e+00 -1.000000000000000000e+00 1.000000000000000000e+00
2.459999999999999964e+00 2.259999999999999787e+00 -1.000000000000000000e+00 3.390000000000000124e+00 4.620000000000000107e+00 7.269999999999999574e+00 7.280000000000000249e+00 3.859999999999999876e+00 -1.000000000000000000e+00 1.030000000000000027e+00
2.450000000000000178e+00 2.350000000000000089e+00 -1.000000000000000000e+00 3.390000000000000124e+00 4.629999999999999893e+00 7.179999999999999716e+00 7.309999999999999609e+00 3.859999999999999876e+00 -1.000000000000000000e+00 1.000000000000000000e+00
2.430000000000000160e+00 2.370000000000000107e+00 -1.000000000000000000e+00 3.370000000000000107e+00 4.589999999999999858e+00 7.179999999999999716e+00 7.299999999999999822e+00 3.910000000000000142e+00 -1.000000000000000000e+00 1.020000000000000018e+00
2.410000000000000142e+00 2.279999999999999805e+00 -1.000000000000000000e+00 3.330000000000000071e+00 4.610000000000000320e+00 7.200000000000000178e+00 7.349999999999999645e+00 3.930000000000000160e+00 -1.000000000000000000e+00 1.010000000000000009e+00
