-1.000000000000000000e+00 -1.000000000000000000e+00 -1.000000000000000000e+00 -1.000000000000000000e+00 -1.000000000000000000e+00 -1.000000000000000000e+00 -1.000000000000000000e+00 -1.000000000000000000e+00 -1.000000000000000000e+00 -1.000000000000000000e+00
5.299999999999999822e+00 2.209999999999999964e+00 2.250000000000000000e+00 3.290000000000000036e+00 -1.000000000000000000e+00 2.540000000000000036e+00 3.040000000000000036e+00 -1.000000000000000000e+00 4.530000000000000249e+00 4.860000000000000320e+00
-1.000000000000000000e+00 2.250000000000000000e+00 2.229999999999999982e+00 3.330000000000000071e+00 -1.000000000000000000e+00 2.529999999999999805e+00 3.100000000000000089e+00 -1.000000000000000000e+00 4.549999999999999822e+00 4.809999999999999609e+00
5.330000000000000071e+00 2.209999999999999964e+00 2.229999999999999982e+00 3.290000000000000036e+00 -1.000000000000000000e+00 2.600000000000000089e+00 3.069999999999999840e+00 -1.000000000000000000e+00 4.540000000000000036e+00 4.849999999999999645e+00
5.320000000000000284e+00 2.259999999999999787e+00 2.240000000000000213e+00 3.270000000000000018e+00 -1.000000000000000000e+00 2.509999999999999787e+00 3.120000000000000107e+00 -1.000000000000000000e+00 4.519999999999999574e+00 4.790000000000000036e+00
5.320000000000000284e+00 2.229999999999999982e+00 2.250000000000000000e+00 3.290000000000000036e+00 -1.000000000000000000e+00 2.540000000000000036e+00 3.109999999999999876e+00 -1.000000000000000000e+00 4.549999999999999822e+00 4.790000000000000036e+00
5.299999999999999822e+00 2.259999999999999787e+00 2.240000000000000213e+00 3.259999999999999787e+00 -1.000000000000000000e+00 2.569999999999999840e+00 3.020000000000000018e+00 -1.000000000000000000e+00 4.509999999999999787e+00 4.839999999999999858e+00
5.330000000000000071e+00 2.259999999999999787e+00 2.259999999999999787e+00 3.330000000000000071e+00 -1.000000000000000000e+00 2.600000000000000089e+00 3.100000000000000089e+00 -1.000000000000000000e+00 4.519999999999999574e+00 4.769999999999999574e+00
5.330000000000000071e+00 2.240000000000000213e+00 2.279999999999999805e+00 3.290000000000000036e+00 -1.000000000000000000e+00 2.549999999999999822e+00 3.049999999999999822e+00 -1.000000000000000000e+00 4.580000000000000071e+00 4.769999999999999574e+00
5.330000000000000071e+00 2.229999999999999982e+00 2.220000000000000195e+00 3.250000000000000000e+00 -1.000000000000000000e+00 2.509999999999999787e+00 3.109999999999999876e+00 -1.000000000000000000e+00 4.549999999999999822e+00 4.759999999999999787e+00
5.299999999999999822e+00 2.200000000000000178e+00 2.220000000000000195e+00 3.200000000000000178e+00 -1.000000000000000000e+00 2.529999999999999805e+00 3.060000000000000053e+00 -1.000000000000000000e+00 4.549999999999999822e+00 4.830000000000000071e+00
5.309999999999999609e+00 2.290000000000000036e+00 2.240000000000000213e+00 3.259999999999999787e+00 -1.000000000000000000e+00 2.569999999999999840e+00 3.100000000000000089e+00 -1.000000000000000000e+00 4.549999999999999822e+00 4.799999999999999822e+00
5.259999999999999787e+00 2.259999999999999787e+00 2.259999999999999787e+00 3.259999999999999787e+00 -1.000000000000000000e+00 2.520000000000000018e+00 3.029999999999999805e+00 -1.000000000000000000e+00 4.530000000000000249e+00 4.780000000000000249e+00
5.360000000000000320e+00 2.220000000000000195e+00 2.259999999999999787e+00 3.270000000000000018e+00 -1.000000000000000000e+00 2.589999999999999858e+00 3.109999999999999876e+00 -1.000000000000000000e+00 4.509999999999999787e+00 4.780000000000000249e+00
5.280000000000000249e+00 2.220000000000000195e+00 2.209999999999999964e+00 3.299999999999999822e+00 -1.000000000000000000e+00 2.520000000000000018e+00 3.049999999999999822e+00 -1.000000000000000000e+00 4.580000000000000071e+00 4.830000000000000071e+00
5.299999999999999822e+00 2.229999999999999982e+00 2.240000000000000213e+00 3.310000000000000053e+00 -1.000000000000000000e+00 2.549999999999999822e+00 3.069999999999999840e+00 -1.000000000000000000e+00 4.540000000000000036e+00 4.809999999999999609e+00
5.330000000000000071e+00 2.259999999999999787e+00 2.220000000000000195e+00 3.290000000000000036e+00 -1.000000000000000000e+00 2.500000000000000000e+00 3.049999999999999822e+00 -1.000000000000000000e+00 4.559999999999999609e+00 4.769999999999999574e+00
5.299999999999999822e+00 2.290000000000000036e+00 2.279999999999999805e+00 3.259999999999999787e+00 -1.000000000000000000e+00 2.540000000000000036e+00 3.160000000000000142e+00 -1.000000000000000000e+00 4.509999999999999787e+00 4.839999999999999858e+00
5.309999999999999609e+00 2.229999999999999982e+00 2.240000000000000213e+00 3.259999999999999787e+00 -1.000000000000000000e+00 2.580000000000000071e+00 3.089999999999999858e+00 -1.000000000000000000e+00 4.549999999999999822e+00 4.830000000000000071e+00
5.330000000000000071e+00 2.220000000000000195e+00 2.240000000000000213e+00 3.250000000000000000e+00 -1.000000000000000000e+00 2.470000000000000195e+00 3.109999999999999876e+00 -1.000000000000000000e+00 4.519999999999999574e+00 4.799999999999999822e+00
5.280000000000000249e+00 2.220000000000000195e+00 2.259999999999999787e+00 3.240000000000000213e+00 -1.000000000000000000e+00 2.459999999999999964e+00 3.109999999999999876e+00 -1.000000000000000000e+00 4.500000000000000000e+00 4.830000000000000071e+00
5.320000000000000284e+00 2.240000000000000213e+00 2.250000000000000000e+00 3.270000000000000018e+00 -1.000000000000000000e+00 2.529999999999999805e+00 3.120000000000000107e+00 -1.000000000000000000e+00 4.519999999999999574e+00 4.780000000000000249e+00
5.309999999999999609e+00 2.259999999999999787e+00 2.209999999999999964e+00 3.279999999999999805e+00 -1.000000000000000000e+00 2.490000000000000213e+00 3.049999999999999822e+00 -1.000000000000000000e+00 4.559999999999999609e+00 4.769999999999999574e+00
-1.000000000000000000e+00 2.220000000000000195e+00 2.229999999999999982e+00 3.189999999999999947e+00 -1.000000000000000000e+00 2.580000000000000071e+00 3.049999999999999822e+00 -1.000000000000000000e+00 4.559999999999999609e+00 4.709999999999999964e+00
5.339999999999999858e+00 2.240000000000000213e+00 2.209999999999999964e+00 3.270000000000000018e+00 -1.000000000000000000e+00 2.520000000000000018e+00 3.109999999999999876e+00 -1.000000000000000000e+00 4.509999999999999787e+00 4.700000000000000178e+00
5.330000000000000071e+00 2.220000000000000195e+00 2.200000000000000178e+00 3.259999999999999787e+00 -1.000000000000000000e+00 2.600000000000000089e+00 3.100000000000000089e+00 -1.000000000000000000e+00 4.549999999999999822e+00 4.679999999999999716e+00
5.330000000000000071e+00 2.250000000000000000e+00 2.200000000000000178e+00 3.290000000000000036e+00 -1.000000000000000000e+00 2.520000000000000018e+00 3.100000000000000089e+00 -1.000000000000000000e+00 4.469999999999999751e+00 4.750000000000000000e+00
5.330000000000000071e+00 2.220000000000000195e+00 2.220000000000000195e+00 3.330000000000000071e+00 -1.000000000000000000e+00 2.560000000000000053e+00 3.040000000000000036e+00 -1.000000000000000000e+00 4.519999999999999574e+00 4.780000000000000249e+00
5.330000000000000071e+00 2.200000000000000178e+00 2.229999999999999982e+00 3.299999999999999822e+00 -1.000000000000000000e+00 2.520000000000000018e+00 3.109999999999999876e+00 -1.000000000000000000e+00 4.530000000000000249e+00 4.759999999999999787e+00
5.330000000000000071e+00 2.240000000000000213e+00 2.220000000000000195e+00 3.250000000000000000e+00 -1.000000000000000000e+00 2.500000000000000000e+00 3.100000000000000089e+00 -1.000000000000000000e+00 4.530000000000000249e+00 4.700000000000000178e+00
5.349999999999999645e+00 2.250000000000000000e+00 2.259999999999999787e+00 3.250000000000000000e+00 -1.000000000000000000e+00 2.569999999999999840e+00 3.040000000000000036e+00 -1.000000000000000000e+00 4.509999999999999787e+00 4.650000000000000355e+00
5.330000000000000071e+00 2.250000000000000000e+00 2.270000000000000018e+00 3.339999999999999858e+00 -1.000000000000000000e+00 2.520000000000000018e+00 3.069999999999999840e+00 -1.000000000000000000e+00 4.549999999999999822e+00 4.700000000000000178e+00
5.330000000000000071e+00 2.229999999999999982e+00 2.229999999999999982e+00 3.290000000000000036e+00 -1.000000000000000000e+00 2.549999999999999822e+00 3.120000000000000107e+00 -1.000000000000000000e+00 4.490000000000000213e+00 4.759999999999999787e+00
5.339999999999999858e+00 2.240000000000000213e+00 2.229999999999999982e+00 3.189999999999999947e+00 -1.000000000000000000e+00 2.520000000000000018e+00 3.089999999999999858e+00 -1.000000000000000000e+00 4.589999999999999858e+00 4.730000000000000426e+00
5.320000000000000284e+00 2.220000000000000195e+00 2.229999999999999982e+00 3.299999999999999822e+00 -1.000000000000000000e+00 2.520000000000000018e+00 3.089999999999999858e+00 -1.000000000000000000e+00 4.549999999999999822e+00 4.719999999999999751e+00
5.320000000000000284e+00 2.220000000000000195e+00 2.229999999999999982e+00 3.299999999999999822e+00 -1.000000000000000000e+00 2.479999999999999982e+00 3.069999999999999840e+00 -1.000000000000000000e+00 4.469999999999999751e+00 4.639999999999999680e+00
5.320000000000000284e+00 2.290000000000000036e+00 2.240000000000000213e+00 3.259999999999999787e+00 -1.000000000000000000e+00 2.520000000000000018e+00 3.109999999999999876e+00 -1.000000000000000000e+00 4.530000000000000249e+00 4.690000000000000391e+00
5.339999999999999858e+00 2.250000000000000000e+00 2.259999999999999787e+00 3.259999999999999787e+00 -1.000000000000000000e+00 2.520000000000000018e+00 3.040000000000000036e+00 -1.000000000000000000e+00 4.469999999999999751e+00 4.709999999999999964e+00
5.339999999999999858e+00 2.279999999999999805e+00 2.240000000000000213e+00 3.319999999999999840e+00 -1.000000000000000000e+00 2.529999999999999805e+00 3.129999999999999893e+00 -1.000000000000000000e+00 4.559999999999999609e+00 4.709999999999999964e+00
5.330000000000000071e+00 2.259999999999999787e+00 2.189999999999999947e+00 3.310000000000000053e+00 -1.000000000000000000e+00 2.479999999999999982e+00 3.040000000000000036e+00 -1.000000000000000000e+00 4.509999999999999787e+00 4.740000000000000213e+00
5.309999999999999609e+00 2.240000000000000213e+00 2.220000000000000195e+00 3.229999999999999982e+00 -1.000000000000000000e+00 2.529999999999999805e+00 3.100000000000000089e+00 -1.000000000000000000e+00 4.549999999999999822e+00 4.799999999999999822e+00
5.330000000000000071e+00 2.259999999999999787e+00 2.240000000000000213e+00 3.229999999999999982e+00 -1.000000000000000000e+00 2.560000000000000053e+00 3.080000000000000071e+00 -1.000000000000000000e+00 4.570000000000000284e+00 4.740000000000000213e+00
5.309999999999999609e+00 2.259999999999999787e+00 2.240000000000000213e+00 3.209999999999999964e+00 -1.000000000000000000e+00 2.490000000000000213e+00 3.109999999999999876e+00 -1.000000000000000000e+00 4.540000000000000036e+00 4.790000000000000036e+00
5.330000000000000071e+00 2.250000000000000000e+00 2.229999999999999982e+00 3.310000000000000053e+00 -1.000000000000000000e+00 2.549999999999999822e+00 3.060000000000000053e+00 -1.000000000000000000e+00 4.519999999999999574e+00 4.870000000000000107e+00
5.299999999999999822e+00 2.259999999999999787e+00 2.209999999999999964e+00 3.259999999999999787e+00 -1.000000000000000000e+00 2.520000000000000018e+00 3.080000000000000071e+00 -1.000000000000000000e+00 4.589999999999999858e+00 4.900000000000000355e+00
5.330000000000000071e+00 2.240000000000000213e+00 2.240000000000000213e+00 3.229999999999999982e+00 -1.000000000000000000e+00 2.500000000000000000e+00 3.029999999999999805e+00 -1.000000000000000000e+00 4.509999999999999787e+00 4.830000000000000071e+00
5.330000000000000071e+00 2.200000000000000178e+00 2.209999999999999964e+00 3.330000000000000071e+00 -1.000000000000000000e+00 2.580000000000000071e+00 3.109999999999999876e+00 -1.000000000000000000e+00 4.500000000000000000e+00 4.820000000000000284e+00
5.349999999999999645e+00 2.259999999999999787e+00 2.220000000000000195e+00 3.259999999999999787e+00 -1.000000000000000000e+00 2.490000000000000213e+00 3.100000000000000089e+00 -1.000000000000000000e+00 4.570000000000000284e+00 4.860000000000000320e+00
5.339999999999999858e+00 2.229999999999999982e+00 2.259999999999999787e+00 3.270000000000000018e+00 -1.000000000000000000e+00 2.549999999999999822e+00 3.100000000000000089e+00 -1.000000000000000000e+00 4.580000000000000071e+00 4.849999999999999645e+00
5.339999999999999858e+00 2.250000000000000000e+00 2.250000000000000000e+00 3.250000000000000000e+00 -1.000000000000000000e+00 2.509999999999999787e+00 3.069999999999999840e+00 -1.000000000000000000e+00 4.540000000000000036e+00 4.860000000000000320e+00
5.330000000000000071e+00 2.240000000000000213e+00 2.209999999999999964e+00 3.319999999999999840e+00 -1.000000000000000000e+00 2.600000000000000089e+00 3.120000000000000107e+00 -1.000000000000000000e+00 4.599999999999999645e+00 4.870000000000000107e+00
5.330000000000000071e+00 2.259999999999999787e+00 2.220000000000000195e+00 3.310000000000000053e+00 -1.000000000000000000e+00 2.560000000000000053e+00 3.020000000000000018e+00 -1.000000000000000000e+00 4.589999999999999858e+00 4.830000000000000071e+00
5.330000000000000071e+00 2.290000000000000036e+00 2.279999999999999805e+00 3.240000000000000213e+00 -1.000000000000000000e+00 2.540000000000000036e+00 3.049999999999999822e+00 -1.000000000000000000e+00 4.519999999999999574e+00 4.820000000000000284e+00
5.299999999999999822e+00 2.250000000000000000e+00 2.279999999999999805e+00 3.319999999999999840e+00 -1.000000000000000000e+00 2.529999999999999805e+00 3.109999999999999876e+00 -1.000000000000000000e+00 4.580000000000000071e+00 4.759999999999999787e+00
5.330000000000000071e+00 2.290000000000000036e+00 2.229999999999999982e+00 3.259999999999999787e+00 -1.000000000000000000e+00 2.500000000000000000e+00 3.049999999999999822e+00 -1.000000000000000000e+00 4.490000000000000213e+00 4.910000000000000142e+00
5.339999999999999858e+00 2.209999999999999964e+00 -1.000000000000000000e+00 3.259999999999999787e+00 -1.000000000000000000e+00 2.479999999999999982e+00 3.040000000000000036e+00 -1.000000000000000000e+00 4.540000000000000036e+00 4.820000000000000284e+00
5.280000000000000249e+00 2.189999999999999947e+00 2.279999999999999805e+00 3.259999999999999787e+00 -1.000000000000000000e+00 2.520000000000000018e+00 3.029999999999999805e+00 -1.000000000000000000e+00 4.540000000000000036e+00 4.809999999999999609e+00
5.309999999999999609e+00 2.240000000000000213e+00 2.299999999999999822e+00 3.240000000000000213e+00 -1.000000000000000000e+00 2.549999999999999822e+00 3.100000000000000089e+00 -1.000000000000000000e+00 4.589999999999999858e+00 4.900000000000000355e+00
5.349999999999999645e+00 2.200000000000000178e+00 2.250000000000000000e+00 3.319999999999999840e+00 -1.000000000000000000e+00 2.560000000000000053e+00 3.049999999999999822e+00 -1.000000000000000000e+00 4.509999999999999787e+00 4.839999999999999858e+00
5.269999999999999574e+00 2.240000000000000213e+00 2.209999999999999964e+00 3.240000000000000213e+00 -1.000000000000000000e+00 2.540000000000000036e+00 3.089999999999999858e+00 -1.000000000000000000e+00 4.570000000000000284e+00 4.820000000000000284e+00
5.360000000000000320e+00 -1.000000000000000000e+00 2.200000000000000178e+00 3.310000000000000053e+00 -1.000000000000000000e+00 2.549999999999999822e+00 3.080000000000000071e+00 -1.000000000000000000e+00 4.519999999999999574e+00 4.809999999999999609e+00
5.339999999999999858e+00 2.229999999999999982e+00 2.209999999999999964e+00 3.240000000000000213e+00 -1.000000000000000000e+00 2.569999999999999840e+00 3.089999999999999858e+00 -1.000000000000000000e+00 4.559999999999999609e+00 4.690000000000000391e+00
5.309999999999999609e+00 2.209999999999999964e+00 2.220000000000000195e+00 3.259999999999999787e+00 -1.000000000000000000e+00 2.520000000000000018e+00 3.149999999999999911e+00 -1.000000000000000000e+00 4.509999999999999787e+00 4.750000000000000000e+00
5.330000000000000071e+00 2.250000000000000000e+00 2.229999999999999982e+00 3.240000000000000213e+00 -1.000000000000000000e+00 2.540000000000000036e+00 3.049999999999999822e+00 -1.000000000000000000e+00 4.540000000000000036e+00 4.740000000000000213e+00
5.330000000000000071e+00 2.299999999999999822e+00 2.220000000000000195e+00 3.250000000000000000e+00 -1.000000000000000000e+00 2.569999999999999840e+00 3.080000000000000071e+00 -1.000000000000000000e+00 4.459999999999999964e+00 4.690000000000000391e+00
5.349999999999999645e+00 2.229999999999999982e+00 2.209999999999999964e+00 3.359999999999999876e+00 -1.000000000000000000e+00 2.549999999999999822e+00 3.089999999999999858e+00 -1.000000000000000000e+00 4.490000000000000213e+00 4.679999999999999716e+00
5.320000000000000284e+00 2.259999999999999787e+00 2.200000000000000178e+00 3.299999999999999822e+00 -1.000000000000000000e+00 2.540000000000000036e+00 3.120000000000000107e+00 -1.000000000000000000e+00 4.549999999999999822e+00 4.709999999999999964e+00
5.320000000000000284e+00 2.220000000000000195e+00 2.250000000000000000e+00 3.270000000000000018e+00 -1.000000000000000000e+00 2.450000000000000178e+00 3.100000000000000089e+00 -1.000000000000000000e+00 4.500000000000000000e+00 4.790000000000000036e+00
5.349999999999999645e+00 2.240000000000000213e+00 2.240000000000000213e+00 3.290000000000000036e+00 -1.000000000000000000e+00 2.509999999999999787e+00 3.129999999999999893e+00 -1.000000000000000000e+00 4.549999999999999822e+00 4.730000000000000426e+00
5.330000000000000071e+00 2.290000000000000036e+00 2.229999999999999982e+00 3.279999999999999805e+00 -1.000000000000000000e+00 2.490000000000000213e+00 3.080000000000000071e+00 -1.000000000000000000e+00 4.509999999999999787e+00 4.769999999999999574e+00
5.290000000000000036e+00 2.240000000000000213e+00 2.259999999999999787e+00 3.250000000000000000e+00 -1.000000000000000000e+00 2.520000000000000018e+00 3.129999999999999893e+00 -1.000000000000000000e+00 4.540000000000000036e+00 4.740000000000000213e+00
5.309999999999999609e+00 2.180000000000000160e+00 2.229999999999999982e+00 3.259999999999999787e+00 -1.000000000000000000e+00 2.529999999999999805e+00 3.120000000000000107e+00 -1.000000000000000000e+00 4.509999999999999787e+00 4.719999999999999751e+00
5.309999999999999609e+00 2.270000000000000018e+00 2.189999999999999947e+00 3.310000000000000053e+00 -1.000000000000000000e+00 2.500000000000000000e+00 3.040000000000000036e+00 -1.000000000000000000e+00 4.519999999999999574e+00 4.790000000000000036e+00
5.339999999999999858e+00 2.290000000000000036e+00 2.270000000000000018e+00 3.290000000000000036e+00 -1.000000000000000000e+00 2.569999999999999840e+00 3.109999999999999876e+00 -1.000000000000000000e+00 4.500000000000000000e+00 4.759999999999999787e+00
5.309999999999999609e+00 2.220000000000000195e+00 2.250000000000000000e+00 3.229999999999999982e+00 -1.000000000000000000e+00 2.520000000000000018e+00 3.109999999999999876e+00 -1.000000000000000000e+00 4.450000000000000178e+00 4.709999999999999964e+00
5.299999999999999822e+00 2.240000000000000213e+00 2.240000000000000213e+00 3.270000000000000018e+00 -1.000000000000000000e+00 2.600000000000000089e+00 3.060000000000000053e+00 -1.000000000000000000e+00 4.509999999999999787e+00 4.719999999999999751e+00
5.330000000000000071e+00 2.220000000000000195e+00 2.250000000000000000e+00 3.279999999999999805e+00 -1.000000000000000000e+00 2.540000000000000036e+00 3.120000000000000107e+00 -1.000000000000000000e+00 4.519999999999999574e+00 4.719999999999999751e+00
5.280000000000000249e+00 2.279999999999999805e+00 2.220000000000000195e+00 3.279999999999999805e+00 -1.000000000000000000e+00 2.540000000000000036e+00 3.109999999999999876e+00 -1.000000000000000000e+00 4.530000000000000249e+00 4.669999999999999929e+00
5.290000000000000036e+00 2.240000000000000213e+00 2.220000000000000195e+00 3.279999999999999805e+00 -1.000000000000000000e+00 2.459999999999999964e+00 3.040000000000000036e+00 -1.000000000000000000e+00 4.490000000000000213e+00 4.700000000000000178e+00
5.290000000000000036e+00 2.259999999999999787e+00 2.259999999999999787e+00 3.209999999999999964e+00 -1.000000000000000000e+00 2.589999999999999858e+00 3.080000000000000071e+00 -1.000000000000000000e+00 4.459999999999999964e+00 4.679999999999999716e+00
5.360000000000000320e+00 2.180000000000000160e+00 2.259999999999999787e+00 3.259999999999999787e+00 -1.000000000000000000e+00 2.509999999999999787e+00 3.109999999999999876e+00 -1.000000000000000000e+00 4.509999999999999787e+00 4.709999999999999964e+00
5.280000000000000249e+00 2.220000000000000195e+00 2.229999999999999982e+00 3.310000000000000053e+00 -1.000000000000000000e+00 2.459999999999999964e+00 3.029999999999999805e+00 -1.000000000000000000e+00 4.490000000000000213e+00 4.690000000000000391e+00
5.290000000000000036e+00 2.220000000000000195e+00 2.259999999999999787e+00 3.319999999999999840e+00 -1.000000000000000000e+00 2.509999999999999787e+00 3.089999999999999858e+00 -1.000000000000000000e+00 4.580000000000000071e+00 4.639999999999999680e+00
5.280000000000000249e+00 2.209999999999999964e+00 2.200000000000000178e+00 3.299999999999999822e+00 -1.000000000000000000e+00 2.529999999999999805e+00 3.069999999999999840e+00 -1.000000000000000000e+00 4.580000000000000071e+00 4.759999999999999787e+00
5.339999999999999858e+00 2.209999999999999964e+00 2.229999999999999982e+00 3.259999999999999787e+00 -1.000000000000000000e+00 2.540000000000000036e+00 3.080000000000000071e+00 -1.000000000000000000e+00 4.500000000000000000e+00 4.690000000000000391e+00
5.320000000000000284e+00 2.250000000000000000e+00 2.200000000000000178e+00 3.200000000000000178e+00 -1.000000000000000000e+00 2.549999999999999822e+00 3.109999999999999876e+00 -1.000000000000000000e+00 4.559999999999999609e+00 4.700000000000000178e+00
5.320000000000000284e+00 2.259999999999999787e+00 2.250000000000000000e+00 3.330000000000000071e+00 -1.000000000000000000e+00 2.520000000000000018e+00 3.120000000000000107e+00 -1.000000000000000000e+00 4.599999999999999645e+00 4.820000000000000284e+00
5.320000000000000284e+00 2.250000000000000000e+00 2.250000000000000000e+00 3.270000000000000018e+00 -1.000000000000000000e+00 2.540000000000000036e+00 3.109999999999999876e+00 -1.000000000000000000e+00 4.629999999999999893e+00 4.730000000000000426e+00
5.269999999999999574e+00 2.220000000000000195e+00 2.220000000000000195e+00 3.220000000000000195e+00 -1.000000000000000000e+00 2.560000000000000053e+00 3.049999999999999822e+00 -1.000000000000000000e+00 4.580000000000000071e+00 4.830000000000000071e+00
5.299999999999999822e+00 2.220000000000000195e+00 2.209999999999999964e+00 3.370000000000000107e+00 -1.000000000000000000e+00 2.540000000000000036e+00 3.100000000000000089e+00 -1.000000000000000000e+00 4.589999999999999858e+00 4.889999999999999680e+00
5.330000000000000071e+00 2.250000000000000000e+00 2.240000000000000213e+00 3.229999999999999982e+00 -1.000000000000000000e+00 2.459999999999999964e+00 3.100000000000000089e+00 -1.000000000000000000e+00 4.570000000000000284e+00 4.830000000000000071e+00
5.320000000000000284e+00 2.240000000000000213e+00 2.250000000000000000e+00 3.279999999999999805e+00 -1.000000000000000000e+00 2.540000000000000036e+00 3.100000000000000089e+00 -1.000000000000000000e+00 4.530000000000000249e+00 4.830000000000000071e+00
5.339999999999999858e+00 2.259999999999999787e+00 2.220000000000000195e+00 3.390000000000000124e+00 -1.000000000000000000e+00 2.589999999999999858e+00 3.049999999999999822e+00 -1.000000000000000000e+00 4.540000000000000036e+00 4.830000000000000071e+00
5.290000000000000036e+00 2.250000000000000000e+00 2.250000000000000000e+00 3.250000000000000000e+00 -1.000000000000000000e+00 2.620000000000000107e+00 3.100000000000000089e+00 -1.000000000000000000e+00 4.580000000000000071e+00 4.809999999999999609e+00
5.330000000000000071e+00 2.189999999999999947e+00 2.279999999999999805e+00 3.259999999999999787e+00 -1.000000000000000000e+00 2.520000000000000018e+00 3.100000000000000089e+00 -1.000000000000000000e+00 4.599999999999999645e+00 4.820000000000000284e+00
5.309999999999999609e+00 2.209999999999999964e+00 2.229999999999999982e+00 3.220000000000000195e+00 -1.000000000000000000e+00 2.529999999999999805e+00 3.049999999999999822e+00 -1.000000000000000000e+00 4.530000000000000249e+00 4.750000000000000000e+00
5.320000000000000284e+00 2.220000000000000195e+00 2.270000000000000018e+00 3.259999999999999787e+00 -1.000000000000000000e+00 2.540000000000000036e+00 3.080000000000000071e+00 -1.000000000000000000e+00 4.549999999999999822e+00 4.820000000000000284e+00
5.309999999999999609e+00 2.189999999999999947e+00 2.270000000000000018e+00 3.270000000000000018e+00 -1.000000000000000000e+00 2.500000000000000000e+00 3.100000000000000089e+00 -1.000000000000000000e+00 4.570000000000000284e+00 4.830000000000000071e+00
5.299999999999999822e+00 2.229999999999999982e+00 2.220000000000000195e+00 3.259999999999999787e+00 -1.000000000000000000e+00 2.600000000000000089e+00 3.120000000000000107e+00 -1.000000000000000000e+00 4.530000000000000249e+00 4.860000000000000320e+00
5.309999999999999609e+00 2.189999999999999947e+00 2.229999999999999982e+00 3.220000000000000195e+00 -1.000000000000000000e+00 2.549999999999999822e+00 3.040000000000000036e+00 -1.000000000000000000e+00 4.509999999999999787e+00 4.799999999999999822e+00
