-1.000000000000000000e+00 -1.000000000000000000e+00 -1.000000000000000000e+00 -1.000000000000000000e+00 -1.000000000000000000e+00 -1.000000000000000000e+00 -1.000000000000000000e+00 -1.000000000000000000e+00 -1.000000000000000000e+00 -1.000000000000000000e+00
7.820000000000000284e+00 4.660000000000000142e+00 -1.000000000000000000e+00 5.259999999999999787e+00 2.240000000000000213e+00 9.799999999999999822e-01 1.879999999999999893e+00 -1.000000000000000000e+00 7.120000000000000107e+00 7.280000000000000249e+00
7.799999999999999822e+00 4.660000000000000142e+00 -1.000000000000000000e+00 5.259999999999999787e+00 2.259999999999999787e+00 9.899999999999999911e-01 1.909999999999999920e+00 -1.000000000000000000e+00 7.190000000000000391e+00 7.309999999999999609e+00
7.759999999999999787e+00 4.650000000000000355e+00 -1.000000000000000000e+00 5.259999999999999787e+00 2.259999999999999787e+00 1.020000000000000018e+00 1.929999999999999938e+00 -1.000000000000000000e+00 7.160000000000000142e+00 7.309999999999999609e+00
7.820000000000000284e+00 4.589999999999999858e+00 -1.000000000000000000e+00 5.230000000000000426e+00 2.270000000000000018e+00 1.030000000000000027e+00 1.929999999999999938e+00 -1.000000000000000000e+00 7.200000000000000178e+00 7.259999999999999787e+00
7.669999999999999929e+00 4.660000000000000142e+00 -1.000000000000000000e+00 5.269999999999999574e+00 2.270000000000000018e+00 1.030000000000000027e+00 1.840000000000000080e+00 -1.000000000000000000e+00 7.200000000000000178e+00 7.230000000000000426e+00
7.849999999999999645e+00 4.629999999999999893e+00 -1.000000000000000000e+00 5.269999999999999574e+00 2.240000000000000213e+00 1.020000000000000018e+00 1.929999999999999938e+00 -1.000000000000000000e+00 7.190000000000000391e+00 7.299999999999999822e+00
7.740000000000000213e+00 4.660000000000000142e+00 -1.000000000000000000e+00 5.259999999999999787e+00 2.259999999999999787e+00 1.040000000000000036e+00 1.939999999999999947e+00 -1.000000000000000000e+00 7.129999999999999893e+00 7.309999999999999609e+00
7.839999999999999858e+00 4.660000000000000142e+00 -1.000000000000000000e+00 5.259999999999999787e+00 2.209999999999999964e+00 9.699999999999999734e-01 1.949999999999999956e+00 -1.000000000000000000e+00 7.209999999999999964e+00 7.339999999999999858e+00
7.709999999999999964e+00 4.660000000000000142e+00 -1.000000000000000000e+00 5.240000000000000213e+00 2.229999999999999982e+00 1.010000000000000009e+00 1.860000000000000098e+00 -1.000000000000000000e+00 7.200000000000000178e+00 7.290000000000000036e+00
7.719999999999999751e+00 4.599999999999999645e+00 -1.000000000000000000e+00 5.230000000000000426e+00 2.259999999999999787e+00 1.030000000000000027e+00 1.949999999999999956e+00 -1.000000000000000000e+00 7.150000000000000355e+00 7.299999999999999822e+00
7.839999999999999858e+00 4.669999999999999929e+00 -1.000000000000000000e+00 5.219999999999999751e+00 2.250000000000000000e+00 1.080000000000000071e+00 1.850000000000000089e+00 -1.000000000000000000e+00 7.139999999999999680e+00 7.309999999999999609e+00
7.830000000000000071e+00 4.629999999999999893e+00 -1.000000000000000000e+00 5.250000000000000000e+00 2.229999999999999982e+00 1.020000000000000018e+00 1.860000000000000098e+00 -1.000000000000000000e+00 7.200000000000000178e+00 7.299999999999999822e+00
7.780000000000000249e+00 4.669999999999999929e+00 -1.000000000000000000e+00 5.259999999999999787e+00 2.250000000000000000e+00 9.899999999999999911e-01 1.860000000000000098e+00 -1.000000000000000000e+00 7.169999999999999929e+00 7.290000000000000036e+00
7.799999999999999822e+00 4.580000000000000071e+00 -1.000000000000000000e+00 5.259999999999999787e+00 2.259999999999999787e+00 1.050000000000000044e+00 1.909999999999999920e+00 -1.000000000000000000e+00 7.209999999999999964e+00 7.280000000000000249e+00
7.769999999999999574e+00 4.589999999999999858e+00 -1.000000000000000000e+00 5.280000000000000249e+00 2.200000000000000178e+00 9.899999999999999911e-01 1.889999999999999902e+00 -1.000000000000000000e+00 7.200000000000000178e+00 7.299999999999999822e+00
7.740000000000000213e+00 4.599999999999999645e+00 -1.000000000000000000e+00 5.230000000000000426e+00 2.220000000000000195e+00 9.399999999999999467e-01 1.870000000000000107e+00 -1.000000000000000000e+00 7.160000000000000142e+00 7.330000000000000071e+00
7.730000000000000426e+00 4.599999999999999645e+00 -1.000000000000000000e+00 5.219999999999999751e+00 2.250000000000000000e+00 9.499999999999999556e-01 1.919999999999999929e+00 -1.000000000000000000e+00 7.150000000000000355e+00 7.269999999999999574e+00
7.879999999999999893e+00 4.599999999999999645e+00 -1.000000000000000000e+00 5.320000000000000284e+00 2.229999999999999982e+00 1.010000000000000009e+00 1.939999999999999947e+00 -1.000000000000000000e+00 7.200000000000000178e+00 7.259999999999999787e+00
7.839999999999999858e+00 4.610000000000000320e+00 -1.000000000000000000e+00 5.240000000000000213e+00 2.279999999999999805e+00 1.030000000000000027e+00 1.929999999999999938e+00 -1.000000000000000000e+00 7.240000000000000213e+00 7.299999999999999822e+00
7.889999999999999680e+00 4.679999999999999716e+00 -1.000000000000000000e+00 5.290000000000000036e+00 2.299999999999999822e+00 9.699999999999999734e-01 1.870000000000000107e+00 -1.000000000000000000e+00 7.200000000000000178e+00 7.269999999999999574e+00
7.790000000000000036e+00 4.690000000000000391e+00 -1.000000000000000000e+00 5.309999999999999609e+00 2.250000000000000000e+00 1.060000000000000053e+00 1.929999999999999938e+00 -1.000000000000000000e+00 7.179999999999999716e+00 7.259999999999999787e+00
7.660000000000000142e+00 4.639999999999999680e+00 -1.000000000000000000e+00 5.250000000000000000e+00 2.270000000000000018e+00 9.799999999999999822e-01 1.979999999999999982e+00 -1.000000000000000000e+00 7.230000000000000426e+00 7.299999999999999822e+00
7.860000000000000320e+00 4.599999999999999645e+00 -1.000000000000000000e+00 5.240000000000000213e+00 2.259999999999999787e+00 1.030000000000000027e+00 1.949999999999999956e+00 -1.000000000000000000e+00 7.200000000000000178e+00 7.309999999999999609e+00
7.940000000000000391e+00 4.669999999999999929e+00 -1.000000000000000000e+00 5.219999999999999751e+00 2.259999999999999787e+00 9.799999999999999822e-01 1.860000000000000098e+00 -1.000000000000000000e+00 7.190000000000000391e+00 7.280000000000000249e+00
7.780000000000000249e+00 4.610000000000000320e+00 -1.000000000000000000e+00 5.250000000000000000e+00 2.259999999999999787e+00 1.050000000000000044e+00 1.860000000000000098e+00 -1.000000000000000000e+00 7.179999999999999716e+00 7.299999999999999822e+00
7.750000000000000000e+00 4.580000000000000071e+00 -1.000000000000000000e+00 5.299999999999999822e+00 2.229999999999999982e+00 1.070000000000000062e+00 1.939999999999999947e+00 -1.000000000000000000e+00 7.219999999999999751e+00 7.299999999999999822e+00
7.759999999999999787e+00 4.599999999999999645e+00 -1.000000000000000000e+00 5.269999999999999574e+00 2.279999999999999805e+00 9.899999999999999911e-01 1.949999999999999956e+00 -1.000000000000000000e+00 7.240000000000000213e+00 7.290000000000000036e+00
7.740000000000000213e+00 4.610000000000000320e+00 -1.000000000000000000e+00 5.250000000000000000e+00 2.299999999999999822e+00 1.010000000000000009e+00 1.949999999999999956e+00 -1.000000000000000000e+00 7.250000000000000000e+00 7.259999999999999787e+00
7.700000000000000178e+00 4.679999999999999716e+00 -1.000000000000000000e+00 5.280000000000000249e+00 2.250000000000000000e+00 9.599999999999999645e-01 1.870000000000000107e+00 -1.000000000000000000e+00 7.179999999999999716e+00 7.299999999999999822e+00
7.750000000000000000e+00 4.629999999999999893e+00 -1.000000000000000000e+00 5.250000000000000000e+00 2.250000000000000000e+00 1.000000000000000000e+00 1.899999999999999911e+00 -1.000000000000000000e+00 7.209999999999999964e+00 -1.000000000000000000e+00
7.639999999999999680e+00 4.620000000000000107e+00 -1.000000000000000000e+00 5.219999999999999751e+00 2.189999999999999947e+00 1.070000000000000062e+00 1.899999999999999911e+00 -1.000000000000000000e+00 7.209999999999999964e+00 7.250000000000000000e+00
7.849999999999999645e+00 4.660000000000000142e+00 -1.000000000000000000e+00 5.240000000000000213e+00 2.270000000000000018e+00 1.090000000000000080e+00 1.919999999999999929e+00 -1.000000000000000000e+00 7.160000000000000142e+00 7.280000000000000249e+00
7.730000000000000426e+00 4.610000000000000320e+00 -1.000000000000000000e+00 5.250000000000000000e+00 2.279999999999999805e+00 1.040000000000000036e+00 1.919999999999999929e+00 -1.000000000000000000e+00 7.209999999999999964e+00 7.339999999999999858e+00
7.769999999999999574e+00 4.599999999999999645e+00 -1.000000000000000000e+00 5.230000000000000426e+00 2.220000000000000195e+00 1.090000000000000080e+00 1.879999999999999893e+00 -1.000000000000000000e+00 7.160000000000000142e+00 7.349999999999999645e+00
7.769999999999999574e+00 4.660000000000000142e+00 -1.000000000000000000e+00 5.240000000000000213e+00 2.229999999999999982e+00 9.899999999999999911e-01 1.909999999999999920e+00 -1.000000000000000000e+00 7.179999999999999716e+00 7.280000000000000249e+00
7.769999999999999574e+00 4.629999999999999893e+00 -1.000000000000000000e+00 5.230000000000000426e+00 2.259999999999999787e+00 1.010000000000000009e+00 1.889999999999999902e+00 -1.000000000000000000e+00 7.240000000000000213e+00 7.309999999999999609e+00
7.900000000000000355e+00 4.679999999999999716e+00 -1.000000000000000000e+00 5.320000000000000284e+00 2.279999999999999805e+00 -1.000000000000000000e+00 1.889999999999999902e+00 -1.000000000000000000e+00 7.219999999999999751e+00 7.370000000000000107e+00
7.780000000000000249e+00 4.690000000000000391e+00 -1.000000000000000000e+00 5.299999999999999822e+00 2.250000000000000000e+00 9.699999999999999734e-01 1.969999999999999973e+00 -1.000000000000000000e+00 7.209999999999999964e+00 7.259999999999999787e+00
7.929999999999999716e+00 4.660000000000000142e+00 -1.000000000000000000e+00 5.299999999999999822e+00 2.279999999999999805e+00 9.300000000000000488e-01 1.870000000000000107e+00 -1.000000000000000000e+00 7.160000000000000142e+00 7.259999999999999787e+00
7.809999999999999609e+00 4.650000000000000355e+00 -1.000000000000000000e+00 5.280000000000000249e+00 2.279999999999999805e+00 1.020000000000000018e+00 1.899999999999999911e+00 -1.000000000000000000e+00 7.129999999999999893e+00 7.320000000000000284e+00
7.750000000000000000e+00 4.610000000000000320e+00 -1.000000000000000000e+00 5.320000000000000284e+00 2.250000000000000000e+00 1.000000000000000000e+00 1.929999999999999938e+00 -1.000000000000000000e+00 7.179999999999999716e+00 7.320000000000000284e+00
7.750000000000000000e+00 4.610000000000000320e+00 -1.000000000000000000e+00 5.320000000000000284e+00 2.259999999999999787e+00 1.050000000000000044e+00 1.949999999999999956e+00 -1.000000000000000000e+00 7.200000000000000178e+00 7.290000000000000036e+00
7.820000000000000284e+00 4.589999999999999858e+00 -1.000000000000000000e+00 5.280000000000000249e+00 2.259999999999999787e+00 1.060000000000000053e+00 1.919999999999999929e+00 -1.000000000000000000e+00 7.190000000000000391e+00 7.320000000000000284e+00
7.769999999999999574e+00 4.629999999999999893e+00 -1.000000000000000000e+00 5.360000000000000320e+00 2.310000000000000053e+00 9.799999999999999822e-01 1.919999999999999929e+00 -1.000000000000000000e+00 7.209999999999999964e+00 7.290000000000000036e+00
7.820000000000000284e+00 4.700000000000000178e+00 -1.000000000000000000e+00 5.299999999999999822e+00 2.240000000000000213e+00 1.000000000000000000e+00 1.879999999999999893e+00 -1.000000000000000000e+00 7.160000000000000142e+00 7.309999999999999609e+00
7.719999999999999751e+00 4.599999999999999645e+00 -1.000000000000000000e+00 5.230000000000000426e+00 2.270000000000000018e+00 9.799999999999999822e-01 1.919999999999999929e+00 -1.000000000000000000e+00 7.160000000000000142e+00 7.330000000000000071e+00
7.709999999999999964e+00 4.620000000000000107e+00 -1.000000000000000000e+00 5.290000000000000036e+00 2.270000000000000018e+00 1.050000000000000044e+00 1.919999999999999929e+00 -1.000000000000000000e+00 7.190000000000000391e+00 7.320000000000000284e+00
7.650000000000000355e+00 4.639999999999999680e+00 -1.000000000000000000e+00 5.209999999999999964e+00 2.259999999999999787e+00 9.599999999999999645e-01 1.929999999999999938e+00 -1.000000000000000000e+00 7.209999999999999964e+00 7.309999999999999609e+00
7.809999999999999609e+00 4.639999999999999680e+00 -1.000000000000000000e+00 5.209999999999999964e+00 2.270000000000000018e+00 1.010000000000000009e+00 1.870000000000000107e+00 -1.000000000000000000e+00 7.200000000000000178e+00 7.339999999999999858e+00
7.730000000000000426e+00 4.719999999999999751e+00 -1.000000000000000000e+00 5.209999999999999964e+00 2.270000000000000018e+00 9.300000000000000488e-01 1.909999999999999920e+00 -1.000000000000000000e+00 7.209999999999999964e+00 7.339999999999999858e+00
7.830000000000000071e+00 4.620000000000000107e+00 -1.000000000000000000e+00 5.240000000000000213e+00 2.259999999999999787e+00 1.000000000000000000e+00 1.889999999999999902e+00 -1.000000000000000000e+00 7.200000000000000178e+00 7.330000000000000071e+00
7.839999999999999858e+00 4.660000000000000142e+00 -1.000000000000000000e+00 5.219999999999999751e+00 2.290000000000000036e+00 1.050000000000000044e+00 1.929999999999999938e+00 -1.000000000000000000e+00 7.190000000000000391e+00 7.250000000000000000e+00
7.690000000000000391e+00 4.629999999999999893e+00 -1.000000000000000000e+00 5.240000000000000213e+00 2.220000000000000195e+00 1.020000000000000018e+00 1.889999999999999902e+00 -1.000000000000000000e+00 7.169999999999999929e+00 7.299999999999999822e+00
7.929999999999999716e+00 4.650000000000000355e+00 -1.000000000000000000e+00 5.290000000000000036e+00 2.220000000000000195e+00 9.499999999999999556e-01 1.899999999999999911e+00 -1.000000000000000000e+00 7.240000000000000213e+00 7.330000000000000071e+00
7.730000000000000426e+00 4.639999999999999680e+00 -1.000000000000000000e+00 5.299999999999999822e+00 2.270000000000000018e+00 1.010000000000000009e+00 1.929999999999999938e+00 -1.000000000000000000e+00 7.160000000000000142e+00 7.309999999999999609e+00
7.769999999999999574e+00 4.639999999999999680e+00 -1.000000000000000000e+00 5.330000000000000071e+00 2.229999999999999982e+00 9.699999999999999734e-01 1.939999999999999947e+00 -1.000000000000000000e+00 7.179999999999999716e+00 7.299999999999999822e+00
7.660000000000000142e+00 4.610000000000000320e+00 -1.000000000000000000e+00 5.290000000000000036e+00 2.240000000000000213e+00 9.799999999999999822e-01 1.909999999999999920e+00 -1.000000000000000000e+00 7.169999999999999929e+00 7.330000000000000071e+00
7.849999999999999645e+00 4.620000000000000107e+00 -1.000000000000000000e+00 5.269999999999999574e+00 2.240000000000000213e+00 1.020000000000000018e+00 1.889999999999999902e+00 -1.000000000000000000e+00 7.139999999999999680e+00 7.339999999999999858e+00
7.700000000000000178e+00 4.570000000000000284e+00 -1.000000000000000000e+00 5.209999999999999964e+00 2.250000000000000000e+00 1.050000000000000044e+00 1.929999999999999938e+00 -1.000000000000000000e+00 7.160000000000000142e+00 7.250000000000000000e+00
7.820000000000000284e+00 4.610000000000000320e+00 -1.000000000000000000e+00 5.259999999999999787e+00 2.270000000000000018e+00 1.030000000000000027e+00 1.850000000000000089e+00 -1.000000000000000000e+00 7.209999999999999964e+00 7.290000000000000036e+00
7.950000000000000178e+00 4.610000000000000320e+00 -1.000000000000000000e+00 5.280000000000000249e+00 2.259999999999999787e+00 1.120000000000000107e+00 1.949999999999999956e+00 -1.000000000000000000e+00 7.200000000000000178e+00 7.259999999999999787e+00
7.860000000000000320e+00 4.620000000000000107e+00 -1.000000000000000000e+00 5.200000000000000178e+00 2.240000000000000213e+00 1.040000000000000036e+00 1.939999999999999947e+00 -1.000000000000000000e+00 7.209999999999999964e+00 7.269999999999999574e+00
7.879999999999999893e+00 4.719999999999999751e+00 -1.000000000000000000e+00 5.230000000000000426e+00 2.250000000000000000e+00 9.399999999999999467e-01 1.959999999999999964e+00 -1.000000000000000000e+00 7.129999999999999893e+00 7.309999999999999609e+00
7.830000000000000071e+00 4.629999999999999893e+00 -1.000000000000000000e+00 5.269999999999999574e+00 2.259999999999999787e+00 9.799999999999999822e-01 1.919999999999999929e+00 -1.000000000000000000e+00 7.200000000000000178e+00 7.290000000000000036e+00
7.940000000000000391e+00 4.660000000000000142e+00 -1.000000000000000000e+00 5.230000000000000426e+00 2.240000000000000213e+00 1.030000000000000027e+00 1.870000000000000107e+00 -1.000000000000000000e+00 7.209999999999999964e+00 7.259999999999999787e+00
7.820000000000000284e+00 4.580000000000000071e+00 -1.000000000000000000e+00 5.209999999999999964e+00 2.250000000000000000e+00 1.090000000000000080e+00 1.919999999999999929e+00 -1.000000000000000000e+00 7.190000000000000391e+00 7.349999999999999645e+00
7.849999999999999645e+00 4.650000000000000355e+00 -1.000000000000000000e+00 5.269999999999999574e+00 2.229999999999999982e+00 1.000000000000000000e+00 1.879999999999999893e+00 -1.000000000000000000e+00 7.190000000000000391e+00 7.320000000000000284e+00
7.780000000000000249e+00 4.679999999999999716e+00 -1.000000000000000000e+00 5.240000000000000213e+00 2.229999999999999982e+00 1.050000000000000044e+00 1.879999999999999893e+00 -1.000000000000000000e+00 7.169999999999999929e+00 7.320000000000000284e+00
7.809999999999999609e+00 4.650000000000000355e+00 -1.000000000000000000e+00 5.309999999999999609e+00 2.189999999999999947e+00 1.040000000000000036e+00 1.840000000000000080e+00 -1.000000000000000000e+00 7.200000000000000178e+00 7.320000000000000284e+00
7.780000000000000249e+00 4.650000000000000355e+00 -1.000000000000000000e+00 5.250000000000000000e+00 2.270000000000000018e+00 1.010000000000000009e+00 1.889999999999999902e+00 -1.000000000000000000e+00 7.219999999999999751e+00 7.309999999999999609e+00
7.799999999999999822e+00 4.629999999999999893e+00 -1.000000000000000000e+00 5.280000000000000249e+00 2.229999999999999982e+00 9.599999999999999645e-01 1.870000000000000107e+00 -1.000000000000000000e+00 7.209999999999999964e+00 7.299999999999999822e+00
7.740000000000000213e+00 4.610000000000000320e+00 -1.000000000000000000e+00 5.330000000000000071e+00 2.209999999999999964e+00 1.020000000000000018e+00 1.860000000000000098e+00 -1.000000000000000000e+00 7.150000000000000355e+00 7.269999999999999574e+00
7.750000000000000000e+00 4.650000000000000355e+00 -1.000000000000000000e+00 5.240000000000000213e+00 2.240000000000000213e+00 9.799999999999999822e-01 1.889999999999999902e+00 -1.000000000000000000e+00 7.160000000000000142e+00 7.309999999999999609e+00
7.730000000000000426e+00 4.660000000000000142e+00 -1.000000000000000000e+00 5.240000000000000213e+00 2.169999999999999929e+00 1.030000000000000027e+00 1.929999999999999938e+00 -1.000000000000000000e+00 7.200000000000000178e+00 7.290000000000000036e+00
7.759999999999999787e+00 4.629999999999999893e+00 -1.000000000000000000e+00 5.230000000000000426e+00 2.220000000000000195e+00 1.110000000000000098e+00 1.929999999999999938e+00 -1.000000000000000000e+00 7.240000000000000213e+00 7.309999999999999609e+00
7.799999999999999822e+00 4.639999999999999680e+00 -1.000000000000000000e+00 5.269999999999999574e+00 2.220000000000000195e+00 1.010000000000000009e+00 1.919999999999999929e+00 -1.000000000000000000e+00 7.169999999999999929e+00 7.320000000000000284e+00
7.870000000000000107e+00 4.650000000000000355e+00 -1.000000000000000000e+00 5.280000000000000249e+00 2.270000000000000018e+00 1.000000000000000000e+00 1.909999999999999920e+00 -1.000000000000000000e+00 7.179999999999999716e+00 7.309999999999999609e+00
7.639999999999999680e+00 4.610000000000000320e+00 -1.000000000000000000e+00 5.230000000000000426e+00 2.200000000000000178e+00 9.799999999999999822e-01 1.879999999999999893e+00 -1.000000000000000000e+00 7.200000000000000178e+00 7.299999999999999822e+00
7.790000000000000036e+00 4.610000000000000320e+00 -1.000000000000000000e+00 5.250000000000000000e+00 2.259999999999999787e+00 1.010000000000000009e+00 1.969999999999999973e+00 -1.000000000000000000e+00 7.150000000000000355e+00 7.320000000000000284e+00
7.709999999999999964e+00 4.580000000000000071e+00 -1.000000000000000000e+00 5.290000000000000036e+00 2.240000000000000213e+00 9.799999999999999822e-01 1.870000000000000107e+00 -1.000000000000000000e+00 7.169999999999999929e+00 7.299999999999999822e+00
7.820000000000000284e+00 4.580000000000000071e+00 -1.000000000000000000e+00 5.280000000000000249e+00 2.259999999999999787e+00 1.030000000000000027e+00 1.949999999999999956e+00 -1.000000000000000000e+00 7.190000000000000391e+00 7.309999999999999609e+00
7.690000000000000391e+00 4.589999999999999858e+00 -1.000000000000000000e+00 5.280000000000000249e+00 2.229999999999999982e+00 9.699999999999999734e-01 1.949999999999999956e+00 -1.000000000000000000e+00 7.160000000000000142e+00 7.349999999999999645e+00
7.799999999999999822e+00 4.660000000000000142e+00 -1.000000000000000000e+00 5.240000000000000213e+00 2.229999999999999982e+00 9.899999999999999911e-01 1.899999999999999911e+00 -1.000000000000000000e+00 7.209999999999999964e+00 7.320000000000000284e+00
7.860000000000000320e+00 4.610000000000000320e+00 -1.000000000000000000e+00 5.240000000000000213e+00 2.240000000000000213e+00 9.799999999999999822e-01 1.879999999999999893e+00 -1.000000000000000000e+00 7.209999999999999964e+00 7.280000000000000249e+00
7.750000000000000000e+00 4.629999999999999893e+00 -1.000000000000000000e+00 5.280000000000000249e+00 2.229999999999999982e+00 1.060000000000000053e+00 1.889999999999999902e+00 -1.000000000000000000e+00 7.160000000000000142e+00 7.330000000000000071e+00
7.820000000000000284e+00 4.629999999999999893e+00 -1.000000000000000000e+00 5.299999999999999822e+00 2.209999999999999964e+00 1.040000000000000036e+00 1.949999999999999956e+00 -1.000000000000000000e+00 7.169999999999999929e+00 7.290000000000000036e+00
-1.000000000000000000e+00 4.580000000000000071e+00 -1.000000000000000000e+00 5.240000000000000213e+00 2.229999999999999982e+00 9.899999999999999911e-01 1.959999999999999964e+00 -1.000000000000000000e+00 7.150000000000000355e+00 7.290000000000000036e+00
7.669999999999999929e+00 4.589999999999999858e+00 -1.000000000000000000e+00 5.320000000000000284e+00 2.310000000000000053e+00 1.050000000000000044e+00 1.919999999999999929e+00 -1.000000000000000000e+00 7.190000000000000391e+00 7.290000000000000036e+00
7.809999999999999609e+00 4.650000000000000355e+00 -1.000000000000000000e+00 5.209999999999999964e+00 2.299999999999999822e+00 9.699999999999999734e-01 1.879999999999999893e+00 -1.000000000000000000e+00 7.150000000000000355e+00 7.280000000000000249e+00
7.660000000000000142e+00 4.620000000000000107e+00 -1.000000000000000000e+00 5.280000000000000249e+00 2.270000000000000018e+00 1.040000000000000036e+00 1.879999999999999893e+00 -1.000000000000000000e+00 7.209999999999999964e+00 7.309999999999999609e+00
7.780000000000000249e+00 4.620000000000000107e+00 -1.000000000000000000e+00 5.299999999999999822e+00 2.209999999999999964e+00 9.799999999999999822e-01 1.889999999999999902e+00 -1.000000000000000000e+00 7.269999999999999574e+00 7.299999999999999822e+00
7.679999999999999716e+00 4.610000000000000320e+00 -1.000000000000000000e+00 5.230000000000000426e+00 2.250000000000000000e+00 9.499999999999999556e-01 1.919999999999999929e+00 -1.000000000000000000e+00 7.169999999999999929e+00 7.330000000000000071e+00
7.820000000000000284e+00 4.620000000000000107e+00 -1.000000000000000000e+00 5.230000000000000426e+00 2.240000000000000213e+00 1.040000000000000036e+00 1.939999999999999947e+00 -1.000000000000000000e+00 7.150000000000000355e+00 7.320000000000000284e+00
7.780000000000000249e+00 4.679999999999999716e+00 -1.000000000000000000e+00 5.200000000000000178e+00 2.250000000000000000e+00 1.020000000000000018e+00 1.889999999999999902e+00 -1.000000000000000000e+00 7.169999999999999929e+00 7.339999999999999858e+00
7.780000000000000249e+00 4.599999999999999645e+00 -1.000000000000000000e+00 5.269999999999999574e+00 2.270000000000000018e+00 1.090000000000000080e+00 1.879999999999999893e+00 -1.000000000000000000e+00 7.169999999999999929e+00 7.320000000000000284e+00
7.780000000000000249e+00 4.650000000000000355e+00 -1.000000000000000000e+00 5.309999999999999609e+00 2.290000000000000036e+00 1.030000000000000027e+00 1.879999999999999893e+00 -1.000000000000000000e+00 7.209999999999999964e+00 7.250000000000000000e+00
7.740000000000000213e+00 4.610000000000000320e+00 -1.000000000000000000e+00 5.240000000000000213e+00 2.270000000000000018e+00 1.070000000000000062e+00 1.959999999999999964e+00 -1.000000000000000000e+00 7.219999999999999751e+00 7.309999999999999609e+00
7.730000000000000426e+00 4.669999999999999929e+00 -1.000000000000000000e+00 5.299999999999999822e+00 2.279999999999999805e+00 1.070000000000000062e+00 1.919999999999999929e+00 -1.000000000000000000e+00 7.230000000000000426e+00 7.299999999999999822e+00
7.740000000000000213e+00 4.669999999999999929e+00 -1.000000000000000000e+00 5.269999999999999574e+00 2.279999999999999805e+00 1.070000000000000062e+00 1.899999999999999911e+00 -1.000000000000000000e+00 7.219999999999999751e+00 7.330000000000000071e+00
