-1.000000000000000000e+00 -1.000000000000000000e+00 -1.000000000000000000e+00 -1.000000000000000000e+00 -1.000000000000000000e+00 -1.000000000000000000e+00 -1.000000000000000000e+00 -1.000000000000000000e+00 -1.000000000000000000e+00 -1.000000000000000000e+00
3.149999999999999911e+00 2.520000000000000018e+00 -1.000000000000000000e+00 5.899999999999999689e-01 2.740000000000000213e+00 4.009999999999999787e+00 3.859999999999999876e+00 -1.000000000000000000e+00 3.890000000000000124e+00 -1.000000000000000000e+00
3.160000000000000142e+00 2.410000000000000142e+00 -1.000000000000000000e+00 5.600000000000000533e-01 2.740000000000000213e+00 3.950000000000000178e+00 3.819999999999999840e+00 -1.000000000000000000e+00 3.939999999999999947e+00 -1.000000000000000000e+00
3.140000000000000124e+00 2.410000000000000142e+00 -1.000000000000000000e+00 5.899999999999999689e-01 2.689999999999999947e+00 3.950000000000000178e+00 3.850000000000000089e+00 -1.000000000000000000e+00 3.879999999999999893e+00 -1.000000000000000000e+00
3.140000000000000124e+00 2.459999999999999964e+00 -1.000000000000000000e+00 5.699999999999999512e-01 2.740000000000000213e+00 3.959999999999999964e+00 3.810000000000000053e+00 -1.000000000000000000e+00 3.879999999999999893e+00 -1.000000000000000000e+00
3.109999999999999876e+00 2.450000000000000178e+00 -1.000000000000000000e+00 5.500000000000000444e-01 2.669999999999999929e+00 4.019999999999999574e+00 3.830000000000000071e+00 -1.000000000000000000e+00 3.910000000000000142e+00 -1.000000000000000000e+00
3.109999999999999876e+00 2.459999999999999964e+00 -1.000000000000000000e+00 5.500000000000000444e-01 2.709999999999999964e+00 4.009999999999999787e+00 3.859999999999999876e+00 -1.000000000000000000e+00 3.879999999999999893e+00 -1.000000000000000000e+00
3.129999999999999893e+00 2.479999999999999982e+00 -1.000000000000000000e+00 5.999999999999999778e-01 2.680000000000000160e+00 3.979999999999999982e+00 3.839999999999999858e+00 -1.000000000000000000e+00 3.910000000000000142e+00 -1.000000000000000000e+00
3.100000000000000089e+00 2.500000000000000000e+00 -1.000000000000000000e+00 5.500000000000000444e-01 2.740000000000000213e+00 4.000000000000000000e+00 3.810000000000000053e+00 -1.000000000000000000e+00 3.899999999999999911e+00 -1.000000000000000000e+00
3.109999999999999876e+00 2.450000000000000178e+00 -1.000000000000000000e+00 5.500000000000000444e-01 2.720000000000000195e+00 4.009999999999999787e+00 3.839999999999999858e+00 -1.000000000000000000e+00 3.899999999999999911e+00 -1.000000000000000000e+00
3.120000000000000107e+00 2.509999999999999787e+00 -1.000000000000000000e+00 5.500000000000000444e-01 2.669999999999999929e+00 4.040000000000000036e+00 3.830000000000000071e+00 -1.000000000000000000e+00 3.870000000000000107e+00 -1.000000000000000000e+00
3.140000000000000124e+00 2.509999999999999787e+00 -1.000000000000000000e+00 5.799999999999999600e-01 2.750000000000000000e+00 4.000000000000000000e+00 3.819999999999999840e+00 -1.000000000000000000e+00 3.870000000000000107e+00 -1.000000000000000000e+00
3.109999999999999876e+00 2.490000000000000213e+00 -1.000000000000000000e+00 5.799999999999999600e-01 -1.000000000000000000e+00 3.979999999999999982e+00 3.819999999999999840e+00 -1.000000000000000000e+00 3.919999999999999929e+00 -1.000000000000000000e+00
3.089999999999999858e+00 2.470000000000000195e+00 -1.000000000000000000e+00 5.500000000000000444e-01 2.689999999999999947e+00 3.990000000000000213e+00 3.879999999999999893e+00 -1.000000000000000000e+00 3.879999999999999893e+00 -1.000000000000000000e+00
3.129999999999999893e+00 -1.000000000000000000e+00 -1.000000000000000000e+00 4.600000000000000200e-01 2.729999999999999982e+00 3.959999999999999964e+00 3.810000000000000053e+00 -1.000000000000000000e+00 3.930000000000000160e+00 -1.000000000000000000e+00
3.100000000000000089e+00 2.450000000000000178e+00 -1.000000000000000000e+00 6.099999999999999867e-01 2.709999999999999964e+00 3.990000000000000213e+00 3.839999999999999858e+00 -1.000000000000000000e+00 3.870000000000000107e+00 -1.000000000000000000e+00
3.100000000000000089e+00 2.459999999999999964e+00 -1.000000000000000000e+00 5.500000000000000444e-01 2.680000000000000160e+00 3.970000000000000195e+00 3.830000000000000071e+00 -1.000000000000000000e+00 3.930000000000000160e+00 -1.000000000000000000e+00
3.109999999999999876e+00 2.419999999999999929e+00 -1.000000000000000000e+00 5.400000000000000355e-01 2.729999999999999982e+00 4.009999999999999787e+00 3.850000000000000089e+00 -1.000000000000000000e+00 3.859999999999999876e+00 -1.000000000000000000e+00
3.109999999999999876e+00 -1.000000000000000000e+00 -1.000000000000000000e+00 5.400000000000000355e-01 2.700000000000000178e+00 4.019999999999999574e+00 3.850000000000000089e+00 -1.000000000000000000e+00 3.939999999999999947e+00 -1.000000000000000000e+00
3.160000000000000142e+00 2.450000000000000178e+00 -1.000000000000000000e+00 5.400000000000000355e-01 2.709999999999999964e+00 3.990000000000000213e+00 3.810000000000000053e+00 -1.000000000000000000e+00 3.870000000000000107e+00 -1.000000000000000000e+00
3.109999999999999876e+00 2.479999999999999982e+00 -1.000000000000000000e+00 5.200000000000000178e-01 2.720000000000000195e+00 3.990000000000000213e+00 3.810000000000000053e+00 -1.000000000000000000e+00 3.930000000000000160e+00 -1.000000000000000000e+00
3.129999999999999893e+00 2.500000000000000000e+00 -1.000000000000000000e+00 5.999999999999999778e-01 2.720000000000000195e+00 4.000000000000000000e+00 3.859999999999999876e+00 -1.000000000000000000e+00 3.890000000000000124e+00 -1.000000000000000000e+00
3.149999999999999911e+00 2.410000000000000142e+00 -1.000000000000000000e+00 5.600000000000000533e-01 2.720000000000000195e+00 4.030000000000000249e+00 3.870000000000000107e+00 -1.000000000000000000e+00 3.899999999999999911e+00 -1.000000000000000000e+00
3.120000000000000107e+00 2.470000000000000195e+00 -1.000000000000000000e+00 6.099999999999999867e-01 2.709999999999999964e+00 4.040000000000000036e+00 3.799999999999999822e+00 -1.000000000000000000e+00 3.879999999999999893e+00 -1.000000000000000000e+00
3.129999999999999893e+00 2.439999999999999947e+00 -1.000000000000000000e+00 5.400000000000000355e-01 2.720000000000000195e+00 3.979999999999999982e+00 3.890000000000000124e+00 -1.000000000000000000e+00 3.919999999999999929e+00 -1.000000000000000000e+00
3.120000000000000107e+00 2.439999999999999947e+00 -1.000000000000000000e+00 5.400000000000000355e-01 2.740000000000000213e+00 4.040000000000000036e+00 3.850000000000000089e+00 -1.000000000000000000e+00 3.930000000000000160e+00 -1.000000000000000000e+00
3.129999999999999893e+00 2.450000000000000178e+00 -1.000000000000000000e+00 5.500000000000000444e-01 2.740000000000000213e+00 4.059999999999999609e+00 3.850000000000000089e+00 -1.000000000000000000e+00 3.910000000000000142e+00 -1.000000000000000000e+00
3.160000000000000142e+00 2.459999999999999964e+00 -1.000000000000000000e+00 6.099999999999999867e-01 2.700000000000000178e+00 4.000000000000000000e+00 3.839999999999999858e+00 -1.000000000000000000e+00 3.899999999999999911e+00 -1.000000000000000000e+00
3.109999999999999876e+00 2.490000000000000213e+00 -1.000000000000000000e+00 6.199999999999999956e-01 2.700000000000000178e+00 4.040000000000000036e+00 3.850000000000000089e+00 -1.000000000000000000e+00 3.930000000000000160e+00 -1.000000000000000000e+00
3.109999999999999876e+00 2.450000000000000178e+00 -1.000000000000000000e+00 5.899999999999999689e-01 2.689999999999999947e+00 4.030000000000000249e+00 3.890000000000000124e+00 -1.000000000000000000e+00 3.870000000000000107e+00 -1.000000000000000000e+00
3.160000000000000142e+00 2.439999999999999947e+00 -1.000000000000000000e+00 5.400000000000000355e-01 2.689999999999999947e+00 4.070000000000000284e+00 3.930000000000000160e+00 -1.000000000000000000e+00 3.910000000000000142e+00 -1.000000000000000000e+00
3.109999999999999876e+00 2.459999999999999964e+00 -1.000000000000000000e+00 5.200000000000000178e-01 2.729999999999999982e+00 4.070000000000000284e+00 3.899999999999999911e+00 -1.000000000000000000e+00 3.850000000000000089e+00 -1.000000000000000000e+00
3.169999999999999929e+00 2.479999999999999982e+00 -1.000000000000000000e+00 6.199999999999999956e-01 2.680000000000000160e+00 4.059999999999999609e+00 3.930000000000000160e+00 -1.000000000000000000e+00 3.890000000000000124e+00 -1.000000000000000000e+00
3.129999999999999893e+00 2.479999999999999982e+00 -1.000000000000000000e+00 5.600000000000000533e-01 2.700000000000000178e+00 4.030000000000000249e+00 3.910000000000000142e+00 -1.000000000000000000e+00 3.899999999999999911e+00 -1.000000000000000000e+00
3.120000000000000107e+00 2.479999999999999982e+00 -1.000000000000000000e+00 5.899999999999999689e-01 2.680000000000000160e+00 4.040000000000000036e+00 3.930000000000000160e+00 -1.000000000000000000e+00 3.939999999999999947e+00 -1.000000000000000000e+00
3.120000000000000107e+00 2.439999999999999947e+00 -1.000000000000000000e+00 5.500000000000000444e-01 2.709999999999999964e+00 4.049999999999999822e+00 3.959999999999999964e+00 -1.000000000000000000e+00 3.899999999999999911e+00 -1.000000000000000000e+00
3.129999999999999893e+00 2.419999999999999929e+00 -1.000000000000000000e+00 5.500000000000000444e-01 2.669999999999999929e+00 4.040000000000000036e+00 3.959999999999999964e+00 -1.000000000000000000e+00 3.890000000000000124e+00 -1.000000000000000000e+00
3.109999999999999876e+00 2.430000000000000160e+00 -1.000000000000000000e+00 5.200000000000000178e-01 2.660000000000000142e+00 4.089999999999999858e+00 3.930000000000000160e+00 -1.000000000000000000e+00 3.870000000000000107e+00 -1.000000000000000000e+00
3.109999999999999876e+00 2.479999999999999982e+00 -1.000000000000000000e+00 5.600000000000000533e-01 2.709999999999999964e+00 4.040000000000000036e+00 3.899999999999999911e+00 -1.000000000000000000e+00 3.910000000000000142e+00 -1.000000000000000000e+00
3.160000000000000142e+00 2.439999999999999947e+00 -1.000000000000000000e+00 5.899999999999999689e-01 2.680000000000000160e+00 4.080000000000000071e+00 3.899999999999999911e+00 -1.000000000000000000e+00 3.919999999999999929e+00 -1.000000000000000000e+00
3.189999999999999947e+00 2.450000000000000178e+00 -1.000000000000000000e+00 5.500000000000000444e-01 2.729999999999999982e+00 4.070000000000000284e+00 3.870000000000000107e+00 -1.000000000000000000e+00 3.910000000000000142e+00 -1.000000000000000000e+00
3.160000000000000142e+00 2.479999999999999982e+00 -1.000000000000000000e+00 5.200000000000000178e-01 2.740000000000000213e+00 4.080000000000000071e+00 3.879999999999999893e+00 -1.000000000000000000e+00 3.959999999999999964e+00 -1.000000000000000000e+00
3.120000000000000107e+00 2.450000000000000178e+00 -1.000000000000000000e+00 6.300000000000000044e-01 2.709999999999999964e+00 4.070000000000000284e+00 3.899999999999999911e+00 -1.000000000000000000e+00 3.899999999999999911e+00 -1.000000000000000000e+00
3.160000000000000142e+00 2.419999999999999929e+00 -1.000000000000000000e+00 5.600000000000000533e-01 2.720000000000000195e+00 4.070000000000000284e+00 3.859999999999999876e+00 -1.000000000000000000e+00 3.930000000000000160e+00 -1.000000000000000000e+00
3.120000000000000107e+00 2.490000000000000213e+00 -1.000000000000000000e+00 5.799999999999999600e-01 2.700000000000000178e+00 4.099999999999999645e+00 3.930000000000000160e+00 -1.000000000000000000e+00 3.879999999999999893e+00 -1.000000000000000000e+00
3.129999999999999893e+00 2.450000000000000178e+00 -1.000000000000000000e+00 5.999999999999999778e-01 2.740000000000000213e+00 4.059999999999999609e+00 3.879999999999999893e+00 -1.000000000000000000e+00 3.910000000000000142e+00 -1.000000000000000000e+00
3.109999999999999876e+00 2.459999999999999964e+00 -1.000000000000000000e+00 5.200000000000000178e-01 2.709999999999999964e+00 4.129999999999999893e+00 3.879999999999999893e+00 -1.000000000000000000e+00 3.910000000000000142e+00 -1.000000000000000000e+00
3.149999999999999911e+00 2.430000000000000160e+00 -1.000000000000000000e+00 5.300000000000000266e-01 2.700000000000000178e+00 4.070000000000000284e+00 3.859999999999999876e+00 -1.000000000000000000e+00 3.870000000000000107e+00 -1.000000000000000000e+00
3.100000000000000089e+00 2.439999999999999947e+00 -1.000000000000000000e+00 5.200000000000000178e-01 2.740000000000000213e+00 4.080000000000000071e+00 3.930000000000000160e+00 -1.000000000000000000e+00 3.850000000000000089e+00 -1.000000000000000000e+00
3.109999999999999876e+00 2.479999999999999982e+00 -1.000000000000000000e+00 5.400000000000000355e-01 2.680000000000000160e+00 4.089999999999999858e+00 3.839999999999999858e+00 -1.000000000000000000e+00 3.879999999999999893e+00 -1.000000000000000000e+00
3.149999999999999911e+00 2.479999999999999982e+00 -1.000000000000000000e+00 5.600000000000000533e-01 2.689999999999999947e+00 4.099999999999999645e+00 3.859999999999999876e+00 -1.000000000000000000e+00 3.919999999999999929e+00 -1.000000000000000000e+00
3.160000000000000142e+00 2.520000000000000018e+00 -1.000000000000000000e+00 5.899999999999999689e-01 2.700000000000000178e+00 4.110000000000000320e+00 3.850000000000000089e+00 -1.000000000000000000e+00 3.890000000000000124e+00 -1.000000000000000000e+00
3.140000000000000124e+00 2.410000000000000142e+00 -1.000000000000000000e+00 5.899999999999999689e-01 2.680000000000000160e+00 4.080000000000000071e+00 3.919999999999999929e+00 -1.000000000000000000e+00 3.950000000000000178e+00 -1.000000000000000000e+00
3.109999999999999876e+00 2.490000000000000213e+00 -1.000000000000000000e+00 5.400000000000000355e-01 2.740000000000000213e+00 4.059999999999999609e+00 3.890000000000000124e+00 -1.000000000000000000e+00 3.890000000000000124e+00 -1.000000000000000000e+00
3.140000000000000124e+00 2.470000000000000195e+00 -1.000000000000000000e+00 5.000000000000000000e-01 2.660000000000000142e+00 4.080000000000000071e+00 3.850000000000000089e+00 -1.000000000000000000e+00 3.899999999999999911e+00 -1.000000000000000000e+00
3.149999999999999911e+00 2.459999999999999964e+00 -1.000000000000000000e+00 5.300000000000000266e-01 2.729999999999999982e+00 4.070000000000000284e+00 3.850000000000000089e+00 -1.000000000000000000e+00 3.890000000000000124e+00 -1.000000000000000000e+00
3.109999999999999876e+00 2.450000000000000178e+00 -1.000000000000000000e+00 5.400000000000000355e-01 2.740000000000000213e+00 4.080000000000000071e+00 3.930000000000000160e+00 -1.000000000000000000e+00 3.899999999999999911e+00 -1.000000000000000000e+00
3.160000000000000142e+00 2.520000000000000018e+00 -1.000000000000000000e+00 5.500000000000000444e-01 2.700000000000000178e+00 4.019999999999999574e+00 3.859999999999999876e+00 -1.000000000000000000e+00 3.899999999999999911e+00 -1.000000000000000000e+00
3.140000000000000124e+00 2.430000000000000160e+00 -1.000000000000000000e+00 5.799999999999999600e-01 2.700000000000000178e+00 4.009999999999999787e+00 3.870000000000000107e+00 -1.000000000000000000e+00 3.959999999999999964e+00 -1.000000000000000000e+00
3.169999999999999929e+00 2.479999999999999982e+00 -1.000000000000000000e+00 5.400000000000000355e-01 2.700000000000000178e+00 4.030000000000000249e+00 3.799999999999999822e+00 -1.000000000000000000e+00 3.879999999999999893e+00 -1.000000000000000000e+00
3.140000000000000124e+00 2.479999999999999982e+00 -1.000000000000000000e+00 5.400000000000000355e-01 2.729999999999999982e+00 4.049999999999999822e+00 3.810000000000000053e+00 -1.000000000000000000e+00 3.930000000000000160e+00 -1.000000000000000000e+00
3.149999999999999911e+00 2.549999999999999822e+00 -1.000000000000000000e+00 5.500000000000000444e-01 2.700000000000000178e+00 4.019999999999999574e+00 3.870000000000000107e+00 -1.000000000000000000e+00 3.910000000000000142e+00 -1.000000000000000000e+00
3.129999999999999893e+00 2.509999999999999787e+00 -1.000000000000000000e+00 6.099999999999999867e-01 2.729999999999999982e+00 4.030000000000000249e+00 3.830000000000000071e+00 -1.000000000000000000e+00 3.910000000000000142e+00 -1.000000000000000000e+00
3.100000000000000089e+00 2.439999999999999947e+00 -1.000000000000000000e+00 5.899999999999999689e-01 2.709999999999999964e+00 4.049999999999999822e+00 3.839999999999999858e+00 -1.000000000000000000e+00 3.930000000000000160e+00 -1.000000000000000000e+00
3.089999999999999858e+00 2.470000000000000195e+00 -1.000000000000000000e+00 5.899999999999999689e-01 2.750000000000000000e+00 4.019999999999999574e+00 3.850000000000000089e+00 -1.000000000000000000e+00 3.870000000000000107e+00 -1.000000000000000000e+00
3.140000000000000124e+00 2.450000000000000178e+00 -1.000000000000000000e+00 5.799999999999999600e-01 2.689999999999999947e+00 4.080000000000000071e+00 3.919999999999999929e+00 -1.000000000000000000e+00 3.879999999999999893e+00 -1.000000000000000000e+00
3.129999999999999893e+00 2.459999999999999964e+00 -1.000000000000000000e+00 5.899999999999999689e-01 2.700000000000000178e+00 4.089999999999999858e+00 3.859999999999999876e+00 -1.000000000000000000e+00 3.879999999999999893e+00 -1.000000000000000000e+00
3.149999999999999911e+00 2.479999999999999982e+00 -1.000000000000000000e+00 5.899999999999999689e-01 2.709999999999999964e+00 4.019999999999999574e+00 3.850000000000000089e+00 -1.000000000000000000e+00 3.930000000000000160e+00 -1.000000000000000000e+00
3.149999999999999911e+00 2.459999999999999964e+00 -1.000000000000000000e+00 -1.000000000000000000e+00 2.740000000000000213e+00 4.030000000000000249e+00 3.939999999999999947e+00 -1.000000000000000000e+00 3.899999999999999911e+00 -1.000000000000000000e+00
3.120000000000000107e+00 2.470000000000000195e+00 -1.000000000000000000e+00 6.300000000000000044e-01 2.709999999999999964e+00 4.040000000000000036e+00 3.859999999999999876e+00 -1.000000000000000000e+00 3.959999999999999964e+00 -1.000000000000000000e+00
3.140000000000000124e+00 2.500000000000000000e+00 -1.000000000000000000e+00 5.000000000000000000e-01 2.709999999999999964e+00 4.040000000000000036e+00 3.879999999999999893e+00 -1.000000000000000000e+00 3.919999999999999929e+00 -1.000000000000000000e+00
3.129999999999999893e+00 2.419999999999999929e+00 -1.000000000000000000e+00 5.100000000000000089e-01 2.700000000000000178e+00 4.080000000000000071e+00 3.939999999999999947e+00 -1.000000000000000000e+00 3.899999999999999911e+00 -1.000000000000000000e+00
3.149999999999999911e+00 2.430000000000000160e+00 -1.000000000000000000e+00 5.999999999999999778e-01 2.709999999999999964e+00 4.070000000000000284e+00 3.890000000000000124e+00 -1.000000000000000000e+00 3.919999999999999929e+00 -1.000000000000000000e+00
3.120000000000000107e+00 2.509999999999999787e+00 -1.000000000000000000e+00 5.699999999999999512e-01 2.680000000000000160e+00 4.030000000000000249e+00 3.850000000000000089e+00 -1.000000000000000000e+00 3.870000000000000107e+00 -1.000000000000000000e+00
3.129999999999999893e+00 2.520000000000000018e+00 -1.000000000000000000e+00 5.500000000000000444e-01 2.729999999999999982e+00 4.049999999999999822e+00 3.850000000000000089e+00 -1.000000000000000000e+00 3.910000000000000142e+00 -1.000000000000000000e+00
3.120000000000000107e+00 2.490000000000000213e+00 -1.000000000000000000e+00 5.600000000000000533e-01 2.700000000000000178e+00 4.049999999999999822e+00 3.910000000000000142e+00 -1.000000000000000000e+00 3.919999999999999929e+00 -1.000000000000000000e+00
3.140000000000000124e+00 2.439999999999999947e+00 -1.000000000000000000e+00 5.400000000000000355e-01 2.689999999999999947e+00 4.030000000000000249e+00 3.879999999999999893e+00 -1.000000000000000000e+00 3.879999999999999893e+00 -1.000000000000000000e+00
3.160000000000000142e+00 2.470000000000000195e+00 -1.000000000000000000e+00 5.500000000000000444e-01 2.689999999999999947e+00 4.049999999999999822e+00 3.870000000000000107e+00 -1.000000000000000000e+00 3.939999999999999947e+00 -1.000000000000000000e+00
3.169999999999999929e+00 2.450000000000000178e+00 -1.000000000000000000e+00 5.100000000000000089e-01 2.669999999999999929e+00 4.040000000000000036e+00 3.899999999999999911e+00 -1.000000000000000000e+00 3.870000000000000107e+00 -1.000000000000000000e+00
3.160000000000000142e+00 2.450000000000000178e+00 -1.000000000000000000e+00 5.400000000000000355e-01 2.700000000000000178e+00 4.030000000000000249e+00 3.879999999999999893e+00 -1.000000000000000000e+00 3.850000000000000089e+00 -1.000000000000000000e+00
3.149999999999999911e+00 2.490000000000000213e+00 -1.000000000000000000e+00 5.699999999999999512e-01 2.709999999999999964e+00 4.040000000000000036e+00 3.910000000000000142e+00 -1.000000000000000000e+00 3.859999999999999876e+00 -1.000000000000000000e+00
3.160000000000000142e+00 2.490000000000000213e+00 -1.000000000000000000e+00 5.699999999999999512e-01 2.720000000000000195e+00 4.059999999999999609e+00 3.919999999999999929e+00 -1.000000000000000000e+00 3.930000000000000160e+00 -1.000000000000000000e+00
3.109999999999999876e+00 2.450000000000000178e+00 -1.000000000000000000e+00 5.200000000000000178e-01 2.669999999999999929e+00 4.080000000000000071e+00 3.930000000000000160e+00 -1.000000000000000000e+00 3.890000000000000124e+00 -1.000000000000000000e+00
3.140000000000000124e+00 2.520000000000000018e+00 -1.000000000000000000e+00 5.899999999999999689e-01 2.729999999999999982e+00 4.000000000000000000e+00 3.830000000000000071e+00 -1.000000000000000000e+00 3.910000000000000142e+00 -1.000000000000000000e+00
3.120000000000000107e+00 2.490000000000000213e+00 -1.000000000000000000e+00 5.699999999999999512e-01 2.750000000000000000e+00 4.059999999999999609e+00 3.850000000000000089e+00 -1.000000000000000000e+00 3.890000000000000124e+00 -1.000000000000000000e+00
3.189999999999999947e+00 2.450000000000000178e+00 -1.000000000000000000e+00 5.500000000000000444e-01 2.729999999999999982e+00 4.030000000000000249e+00 3.819999999999999840e+00 -1.000000000000000000e+00 3.899999999999999911e+00 -1.000000000000000000e+00
3.129999999999999893e+00 2.549999999999999822e+00 -1.000000000000000000e+00 5.799999999999999600e-01 2.689999999999999947e+00 4.009999999999999787e+00 3.830000000000000071e+00 -1.000000000000000000e+00 3.879999999999999893e+00 -1.000000000000000000e+00
3.109999999999999876e+00 2.520000000000000018e+00 -1.000000000000000000e+00 5.799999999999999600e-01 2.740000000000000213e+00 3.959999999999999964e+00 3.850000000000000089e+00 -1.000000000000000000e+00 3.919999999999999929e+00 -1.000000000000000000e+00
3.109999999999999876e+00 2.490000000000000213e+00 -1.000000000000000000e+00 5.300000000000000266e-01 2.740000000000000213e+00 3.970000000000000195e+00 3.859999999999999876e+00 -1.000000000000000000e+00 3.950000000000000178e+00 -1.000000000000000000e+00
3.120000000000000107e+00 2.500000000000000000e+00 -1.000000000000000000e+00 5.500000000000000444e-01 2.729999999999999982e+00 3.990000000000000213e+00 3.910000000000000142e+00 -1.000000000000000000e+00 3.859999999999999876e+00 -1.000000000000000000e+00
3.100000000000000089e+00 2.529999999999999805e+00 -1.000000000000000000e+00 5.899999999999999689e-01 2.700000000000000178e+00 4.019999999999999574e+00 3.959999999999999964e+00 -1.000000000000000000e+00 3.850000000000000089e+00 -1.000000000000000000e+00
3.129999999999999893e+00 2.430000000000000160e+00 -1.000000000000000000e+00 5.500000000000000444e-01 2.720000000000000195e+00 4.030000000000000249e+00 3.870000000000000107e+00 -1.000000000000000000e+00 3.850000000000000089e+00 -1.000000000000000000e+00
3.149999999999999911e+00 2.470000000000000195e+00 -1.000000000000000000e+00 5.400000000000000355e-01 2.729999999999999982e+00 4.009999999999999787e+00 3.890000000000000124e+00 -1.000000000000000000e+00 3.899999999999999911e+00 -1.000000000000000000e+00
3.100000000000000089e+00 2.419999999999999929e+00 -1.000000000000000000e+00 5.600000000000000533e-01 2.680000000000000160e+00 4.009999999999999787e+00 3.859999999999999876e+00 -1.000000000000000000e+00 3.930000000000000160e+00 -1.000000000000000000e+00
3.129999999999999893e+00 2.490000000000000213e+00 -1.000000000000000000e+00 5.899999999999999689e-01 2.740000000000000213e+00 4.040000000000000036e+00 3.870000000000000107e+00 -1.000000000000000000e+00 3.959999999999999964e+00 -1.000000000000000000e+00
3.120000000000000107e+00 2.470000000000000195e+00 -1.000000000000000000e+00 5.600000000000000533e-01 2.640000000000000124e+00 4.040000000000000036e+00 3.919999999999999929e+00 -1.000000000000000000e+00 3.899999999999999911e+00 -1.000000000000000000e+00
3.120000000000000107e+00 2.450000000000000178e+00 -1.000000000000000000e+00 5.500000000000000444e-01 2.689999999999999947e+00 3.979999999999999982e+00 3.859999999999999876e+00 -1.000000000000000000e+00 3.919999999999999929e+00 -1.000000000000000000e+00
3.120000000000000107e+00 2.430000000000000160e+00 -1.000000000000000000e+00 5.799999999999999600e-01 2.740000000000000213e+00 3.939999999999999947e+00 3.850000000000000089e+00 -1.000000000000000000e+00 3.879999999999999893e+00 -1.000000000000000000e+00
3.140000000000000124e+00 2.450000000000000178e+00 -1.000000000000000000e+00 5.500000000000000444e-01 2.680000000000000160e+00 3.990000000000000213e+00 3.819999999999999840e+00 -1.000000000000000000e+00 3.870000000000000107e+00 -1.000000000000000000e+00
3.140000000000000124e+00 2.500000000000000000e+00 -1.000000000000000000e+00 5.500000000000000444e-01 2.740000000000000213e+00 4.009999999999999787e+00 3.839999999999999858e+00 -1.000000000000000000e+00 3.890000000000000124e+00 -1.000000000000000000e+00
