-1.000000000000000000e+00 -1.000000000000000000e+00 -1.000000000000000000e+00 -1.000000000000000000e+00 -1.000000000000000000e+00 -1.000000000000000000e+00 -1.000000000000000000e+00 -1.000000000000000000e+00 -1.000000000000000000e+00 -1.000000000000000000e+00
7.200000000000000178e+00 5.129999999999999893e+00 -1.000000000000000000e+00 4.669999999999999929e+00 3.040000000000000036e+00 5.600000000000000533e-01 -1.000000000000000000e+00 3.890000000000000124e+00 7.450000000000000178e+00 7.129999999999999893e+00
7.250000000000000000e+00 5.080000000000000071e+00 -1.000000000000000000e+00 4.719999999999999751e+00 3.049999999999999822e+00 5.899999999999999689e-01 -1.000000000000000000e+00 3.850000000000000089e+00 7.429999999999999716e+00 7.139999999999999680e+00
7.160000000000000142e+00 5.089999999999999858e+00 -1.000000000000000000e+00 4.730000000000000426e+00 3.009999999999999787e+00 6.199999999999999956e-01 -1.000000000000000000e+00 3.799999999999999822e+00 7.509999999999999787e+00 7.179999999999999716e+00
7.230000000000000426e+00 5.080000000000000071e+00 -1.000000000000000000e+00 4.750000000000000000e+00 3.029999999999999805e+00 6.600000000000000311e-01 -1.000000000000000000e+00 3.870000000000000107e+00 7.519999999999999574e+00 7.150000000000000355e+00
7.169999999999999929e+00 5.120000000000000107e+00 -1.000000000000000000e+00 4.679999999999999716e+00 3.060000000000000053e+00 5.999999999999999778e-01 -1.000000000000000000e+00 3.850000000000000089e+00 7.570000000000000284e+00 7.089999999999999858e+00
7.230000000000000426e+00 5.110000000000000320e+00 -1.000000000000000000e+00 4.669999999999999929e+00 3.080000000000000071e+00 5.799999999999999600e-01 -1.000000000000000000e+00 3.919999999999999929e+00 7.419999999999999929e+00 7.120000000000000107e+00
7.190000000000000391e+00 5.110000000000000320e+00 -1.000000000000000000e+00 4.790000000000000036e+00 3.069999999999999840e+00 5.899999999999999689e-01 -1.000000000000000000e+00 3.859999999999999876e+00 7.459999999999999964e+00 7.200000000000000178e+00
7.179999999999999716e+00 5.129999999999999893e+00 -1.000000000000000000e+00 4.759999999999999787e+00 3.060000000000000053e+00 5.899999999999999689e-01 -1.000000000000000000e+00 3.919999999999999929e+00 7.440000000000000391e+00 7.059999999999999609e+00
7.190000000000000391e+00 5.099999999999999645e+00 -1.000000000000000000e+00 4.719999999999999751e+00 3.020000000000000018e+00 6.199999999999999956e-01 -1.000000000000000000e+00 3.870000000000000107e+00 7.469999999999999751e+00 7.129999999999999893e+00
7.169999999999999929e+00 5.110000000000000320e+00 -1.000000000000000000e+00 4.769999999999999574e+00 3.049999999999999822e+00 6.300000000000000044e-01 -1.000000000000000000e+00 3.919999999999999929e+00 7.450000000000000178e+00 7.139999999999999680e+00
7.209999999999999964e+00 5.120000000000000107e+00 -1.000000000000000000e+00 4.700000000000000178e+00 3.020000000000000018e+00 6.199999999999999956e-01 -1.000000000000000000e+00 3.919999999999999929e+00 7.509999999999999787e+00 7.150000000000000355e+00
7.219999999999999751e+00 5.089999999999999858e+00 -1.000000000000000000e+00 4.790000000000000036e+00 3.060000000000000053e+00 6.300000000000000044e-01 -1.000000000000000000e+00 3.830000000000000071e+00 7.440000000000000391e+00 7.099999999999999645e+00
7.160000000000000142e+00 5.089999999999999858e+00 -1.000000000000000000e+00 4.730000000000000426e+00 3.069999999999999840e+00 6.300000000000000044e-01 -1.000000000000000000e+00 3.890000000000000124e+00 7.490000000000000213e+00 7.110000000000000320e+00
7.179999999999999716e+00 5.089999999999999858e+00 -1.000000000000000000e+00 4.660000000000000142e+00 3.060000000000000053e+00 6.300000000000000044e-01 -1.000000000000000000e+00 3.850000000000000089e+00 -1.000000000000000000e+00 7.110000000000000320e+00
7.190000000000000391e+00 5.049999999999999822e+00 -1.000000000000000000e+00 4.830000000000000071e+00 3.060000000000000053e+00 6.300000000000000044e-01 -1.000000000000000000e+00 3.890000000000000124e+00 7.459999999999999964e+00 7.139999999999999680e+00
7.209999999999999964e+00 5.110000000000000320e+00 -1.000000000000000000e+00 4.759999999999999787e+00 2.990000000000000213e+00 6.199999999999999956e-01 -1.000000000000000000e+00 3.870000000000000107e+00 7.519999999999999574e+00 7.089999999999999858e+00
7.240000000000000213e+00 5.089999999999999858e+00 -1.000000000000000000e+00 4.790000000000000036e+00 3.040000000000000036e+00 6.300000000000000044e-01 -1.000000000000000000e+00 3.870000000000000107e+00 7.450000000000000178e+00 7.129999999999999893e+00
7.169999999999999929e+00 5.120000000000000107e+00 -1.000000000000000000e+00 4.690000000000000391e+00 3.060000000000000053e+00 6.700000000000000400e-01 -1.000000000000000000e+00 3.870000000000000107e+00 7.490000000000000213e+00 7.129999999999999893e+00
7.179999999999999716e+00 5.040000000000000036e+00 -1.000000000000000000e+00 4.870000000000000107e+00 3.060000000000000053e+00 5.799999999999999600e-01 -1.000000000000000000e+00 3.899999999999999911e+00 7.459999999999999964e+00 7.150000000000000355e+00
7.150000000000000355e+00 5.139999999999999680e+00 -1.000000000000000000e+00 4.759999999999999787e+00 3.009999999999999787e+00 5.899999999999999689e-01 -1.000000000000000000e+00 3.799999999999999822e+00 7.509999999999999787e+00 7.129999999999999893e+00
7.139999999999999680e+00 5.110000000000000320e+00 -1.000000000000000000e+00 4.740000000000000213e+00 3.060000000000000053e+00 5.899999999999999689e-01 -1.000000000000000000e+00 3.919999999999999929e+00 7.599999999999999645e+00 7.070000000000000284e+00
7.169999999999999929e+00 5.099999999999999645e+00 -1.000000000000000000e+00 4.690000000000000391e+00 3.089999999999999858e+00 6.199999999999999956e-01 -1.000000000000000000e+00 3.879999999999999893e+00 7.519999999999999574e+00 7.150000000000000355e+00
7.219999999999999751e+00 5.110000000000000320e+00 -1.000000000000000000e+00 4.759999999999999787e+00 3.060000000000000053e+00 6.099999999999999867e-01 -1.000000000000000000e+00 3.830000000000000071e+00 7.580000000000000071e+00 7.070000000000000284e+00
7.179999999999999716e+00 5.099999999999999645e+00 -1.000000000000000000e+00 4.730000000000000426e+00 3.089999999999999858e+00 6.099999999999999867e-01 -1.000000000000000000e+00 3.850000000000000089e+00 7.400000000000000355e+00 7.099999999999999645e+00
7.190000000000000391e+00 5.080000000000000071e+00 -1.000000000000000000e+00 4.759999999999999787e+00 3.049999999999999822e+00 6.300000000000000044e-01 -1.000000000000000000e+00 3.850000000000000089e+00 7.530000000000000249e+00 7.089999999999999858e+00
7.190000000000000391e+00 5.099999999999999645e+00 -1.000000000000000000e+00 4.650000000000000355e+00 3.049999999999999822e+00 6.300000000000000044e-01 -1.000000000000000000e+00 3.870000000000000107e+00 7.509999999999999787e+00 7.160000000000000142e+00
7.179999999999999716e+00 5.080000000000000071e+00 -1.000000000000000000e+00 4.679999999999999716e+00 3.100000000000000089e+00 5.999999999999999778e-01 -1.000000000000000000e+00 3.859999999999999876e+00 7.540000000000000036e+00 7.120000000000000107e+00
7.190000000000000391e+00 5.120000000000000107e+00 -1.000000000000000000e+00 4.690000000000000391e+00 3.069999999999999840e+00 6.199999999999999956e-01 -1.000000000000000000e+00 3.850000000000000089e+00 7.450000000000000178e+00 7.110000000000000320e+00
7.209999999999999964e+00 5.120000000000000107e+00 -1.000000000000000000e+00 4.759999999999999787e+00 3.049999999999999822e+00 5.899999999999999689e-01 -1.000000000000000000e+00 3.870000000000000107e+00 7.500000000000000000e+00 7.120000000000000107e+00
7.200000000000000178e+00 5.080000000000000071e+00 -1.000000000000000000e+00 4.730000000000000426e+00 3.040000000000000036e+00 5.799999999999999600e-01 -1.000000000000000000e+00 3.790000000000000036e+00 7.530000000000000249e+00 7.110000000000000320e+00
7.179999999999999716e+00 5.120000000000000107e+00 -1.000000000000000000e+00 4.740000000000000213e+00 3.049999999999999822e+00 6.500000000000000222e-01 -1.000000000000000000e+00 3.850000000000000089e+00 7.519999999999999574e+00 7.089999999999999858e+00
7.230000000000000426e+00 5.089999999999999858e+00 -1.000000000000000000e+00 4.709999999999999964e+00 3.040000000000000036e+00 5.400000000000000355e-01 -1.000000000000000000e+00 3.850000000000000089e+00 7.500000000000000000e+00 7.080000000000000071e+00
7.179999999999999716e+00 5.099999999999999645e+00 -1.000000000000000000e+00 4.719999999999999751e+00 3.040000000000000036e+00 6.800000000000000488e-01 -1.000000000000000000e+00 3.859999999999999876e+00 7.480000000000000426e+00 7.110000000000000320e+00
7.169999999999999929e+00 5.089999999999999858e+00 -1.000000000000000000e+00 4.650000000000000355e+00 3.009999999999999787e+00 6.600000000000000311e-01 -1.000000000000000000e+00 3.859999999999999876e+00 7.500000000000000000e+00 7.099999999999999645e+00
7.219999999999999751e+00 5.129999999999999893e+00 -1.000000000000000000e+00 4.759999999999999787e+00 3.060000000000000053e+00 6.099999999999999867e-01 -1.000000000000000000e+00 3.839999999999999858e+00 7.490000000000000213e+00 7.110000000000000320e+00
7.230000000000000426e+00 5.120000000000000107e+00 -1.000000000000000000e+00 4.740000000000000213e+00 3.040000000000000036e+00 5.600000000000000533e-01 -1.000000000000000000e+00 3.859999999999999876e+00 7.509999999999999787e+00 7.129999999999999893e+00
7.160000000000000142e+00 5.099999999999999645e+00 -1.000000000000000000e+00 4.780000000000000249e+00 3.040000000000000036e+00 5.600000000000000533e-01 -1.000000000000000000e+00 3.859999999999999876e+00 7.490000000000000213e+00 7.089999999999999858e+00
7.169999999999999929e+00 5.110000000000000320e+00 -1.000000000000000000e+00 4.830000000000000071e+00 3.049999999999999822e+00 5.999999999999999778e-01 -1.000000000000000000e+00 3.879999999999999893e+00 7.459999999999999964e+00 7.139999999999999680e+00
7.209999999999999964e+00 5.120000000000000107e+00 -1.000000000000000000e+00 4.730000000000000426e+00 2.990000000000000213e+00 6.300000000000000044e-01 -1.000000000000000000e+00 3.870000000000000107e+00 7.519999999999999574e+00 7.110000000000000320e+00
7.169999999999999929e+00 5.120000000000000107e+00 -1.000000000000000000e+00 4.780000000000000249e+00 3.049999999999999822e+00 5.699999999999999512e-01 -1.000000000000000000e+00 3.899999999999999911e+00 7.459999999999999964e+00 7.120000000000000107e+00
7.160000000000000142e+00 5.129999999999999893e+00 -1.000000000000000000e+00 4.740000000000000213e+00 3.049999999999999822e+00 6.099999999999999867e-01 -1.000000000000000000e+00 3.839999999999999858e+00 7.509999999999999787e+00 7.120000000000000107e+00
7.219999999999999751e+00 5.089999999999999858e+00 -1.000000000000000000e+00 4.740000000000000213e+00 3.049999999999999822e+00 6.199999999999999956e-01 -1.000000000000000000e+00 3.890000000000000124e+00 7.549999999999999822e+00 7.110000000000000320e+00
7.190000000000000391e+00 5.150000000000000355e+00 -1.000000000000000000e+00 4.759999999999999787e+00 3.069999999999999840e+00 5.999999999999999778e-01 -1.000000000000000000e+00 3.810000000000000053e+00 7.549999999999999822e+00 7.120000000000000107e+00
7.160000000000000142e+00 5.120000000000000107e+00 -1.000000000000000000e+00 4.719999999999999751e+00 3.049999999999999822e+00 6.099999999999999867e-01 -1.000000000000000000e+00 3.850000000000000089e+00 7.530000000000000249e+00 -1.000000000000000000e+00
7.160000000000000142e+00 5.120000000000000107e+00 -1.000000000000000000e+00 4.669999999999999929e+00 2.990000000000000213e+00 6.700000000000000400e-01 -1.000000000000000000e+00 3.850000000000000089e+00 7.440000000000000391e+00 7.059999999999999609e+00
7.169999999999999929e+00 5.089999999999999858e+00 -1.000000000000000000e+00 4.809999999999999609e+00 3.060000000000000053e+00 6.099999999999999867e-01 -1.000000000000000000e+00 3.870000000000000107e+00 7.490000000000000213e+00 7.110000000000000320e+00
7.160000000000000142e+00 5.120000000000000107e+00 -1.000000000000000000e+00 4.719999999999999751e+00 3.040000000000000036e+00 6.500000000000000222e-01 -1.000000000000000000e+00 3.850000000000000089e+00 7.490000000000000213e+00 7.089999999999999858e+00
7.120000000000000107e+00 5.129999999999999893e+00 -1.000000000000000000e+00 4.690000000000000391e+00 3.049999999999999822e+00 6.199999999999999956e-01 -1.000000000000000000e+00 3.850000000000000089e+00 7.540000000000000036e+00 7.120000000000000107e+00
7.160000000000000142e+00 5.099999999999999645e+00 -1.000000000000000000e+00 4.719999999999999751e+00 3.009999999999999787e+00 6.899999999999999467e-01 -1.000000000000000000e+00 3.879999999999999893e+00 7.500000000000000000e+00 7.120000000000000107e+00
7.169999999999999929e+00 5.070000000000000284e+00 -1.000000000000000000e+00 4.730000000000000426e+00 3.080000000000000071e+00 6.199999999999999956e-01 -1.000000000000000000e+00 3.870000000000000107e+00 7.500000000000000000e+00 7.169999999999999929e+00
7.200000000000000178e+00 5.110000000000000320e+00 -1.000000000000000000e+00 4.690000000000000391e+00 3.060000000000000053e+00 6.099999999999999867e-01 -1.000000000000000000e+00 3.879999999999999893e+00 7.540000000000000036e+00 7.099999999999999645e+00
7.190000000000000391e+00 5.129999999999999893e+00 -1.000000000000000000e+00 4.740000000000000213e+00 3.040000000000000036e+00 6.199999999999999956e-01 -1.000000000000000000e+00 3.850000000000000089e+00 7.500000000000000000e+00 7.160000000000000142e+00
7.169999999999999929e+00 5.120000000000000107e+00 -1.000000000000000000e+00 4.679999999999999716e+00 3.069999999999999840e+00 5.799999999999999600e-01 -1.000000000000000000e+00 3.890000000000000124e+00 7.500000000000000000e+00 7.160000000000000142e+00
7.219999999999999751e+00 5.120000000000000107e+00 -1.000000000000000000e+00 4.690000000000000391e+00 3.060000000000000053e+00 5.799999999999999600e-01 -1.000000000000000000e+00 3.870000000000000107e+00 7.400000000000000355e+00 7.120000000000000107e+00
7.200000000000000178e+00 5.179999999999999716e+00 -1.000000000000000000e+00 4.700000000000000178e+00 3.040000000000000036e+00 6.600000000000000311e-01 -1.000000000000000000e+00 3.859999999999999876e+00 7.559999999999999609e+00 7.099999999999999645e+00
7.240000000000000213e+00 5.070000000000000284e+00 -1.000000000000000000e+00 4.790000000000000036e+00 3.069999999999999840e+00 6.500000000000000222e-01 -1.000000000000000000e+00 3.890000000000000124e+00 7.540000000000000036e+00 7.080000000000000071e+00
7.139999999999999680e+00 5.070000000000000284e+00 -1.000000000000000000e+00 4.809999999999999609e+00 3.009999999999999787e+00 6.400000000000000133e-01 -1.000000000000000000e+00 3.859999999999999876e+00 7.459999999999999964e+00 7.129999999999999893e+00
7.150000000000000355e+00 5.059999999999999609e+00 -1.000000000000000000e+00 4.740000000000000213e+00 3.029999999999999805e+00 6.099999999999999867e-01 -1.000000000000000000e+00 3.859999999999999876e+00 7.509999999999999787e+00 7.150000000000000355e+00
7.190000000000000391e+00 5.120000000000000107e+00 -1.000000000000000000e+00 4.700000000000000178e+00 3.049999999999999822e+00 6.199999999999999956e-01 -1.000000000000000000e+00 3.870000000000000107e+00 7.519999999999999574e+00 7.080000000000000071e+00
7.209999999999999964e+00 5.120000000000000107e+00 -1.000000000000000000e+00 4.740000000000000213e+00 3.040000000000000036e+00 5.999999999999999778e-01 -1.000000000000000000e+00 3.859999999999999876e+00 7.500000000000000000e+00 7.120000000000000107e+00
7.190000000000000391e+00 5.209999999999999964e+00 -1.000000000000000000e+00 4.679999999999999716e+00 3.040000000000000036e+00 5.899999999999999689e-01 -1.000000000000000000e+00 3.830000000000000071e+00 7.540000000000000036e+00 7.129999999999999893e+00
7.230000000000000426e+00 5.139999999999999680e+00 -1.000000000000000000e+00 4.650000000000000355e+00 3.029999999999999805e+00 6.199999999999999956e-01 -1.000000000000000000e+00 3.879999999999999893e+00 7.519999999999999574e+00 7.089999999999999858e+00
7.240000000000000213e+00 5.120000000000000107e+00 -1.000000000000000000e+00 4.750000000000000000e+00 3.069999999999999840e+00 6.099999999999999867e-01 -1.000000000000000000e+00 3.859999999999999876e+00 7.459999999999999964e+00 7.129999999999999893e+00
7.179999999999999716e+00 5.120000000000000107e+00 -1.000000000000000000e+00 4.759999999999999787e+00 3.049999999999999822e+00 6.300000000000000044e-01 -1.000000000000000000e+00 3.850000000000000089e+00 7.490000000000000213e+00 7.080000000000000071e+00
7.219999999999999751e+00 5.059999999999999609e+00 -1.000000000000000000e+00 4.750000000000000000e+00 3.000000000000000000e+00 6.500000000000000222e-01 -1.000000000000000000e+00 3.850000000000000089e+00 7.519999999999999574e+00 7.110000000000000320e+00
7.139999999999999680e+00 5.129999999999999893e+00 -1.000000000000000000e+00 4.740000000000000213e+00 2.990000000000000213e+00 5.600000000000000533e-01 -1.000000000000000000e+00 3.850000000000000089e+00 7.500000000000000000e+00 7.139999999999999680e+00
7.200000000000000178e+00 5.080000000000000071e+00 -1.000000000000000000e+00 4.759999999999999787e+00 3.049999999999999822e+00 6.300000000000000044e-01 -1.000000000000000000e+00 3.850000000000000089e+00 7.480000000000000426e+00 7.099999999999999645e+00
7.169999999999999929e+00 5.110000000000000320e+00 -1.000000000000000000e+00 4.709999999999999964e+00 3.000000000000000000e+00 5.999999999999999778e-01 -1.000000000000000000e+00 3.839999999999999858e+00 7.480000000000000426e+00 7.099999999999999645e+00
7.219999999999999751e+00 5.099999999999999645e+00 -1.000000000000000000e+00 4.780000000000000249e+00 3.040000000000000036e+00 5.600000000000000533e-01 -1.000000000000000000e+00 3.870000000000000107e+00 7.429999999999999716e+00 7.089999999999999858e+00
7.150000000000000355e+00 5.160000000000000142e+00 -1.000000000000000000e+00 4.750000000000000000e+00 3.000000000000000000e+00 5.799999999999999600e-01 -1.000000000000000000e+00 3.879999999999999893e+00 7.450000000000000178e+00 7.129999999999999893e+00
7.139999999999999680e+00 5.150000000000000355e+00 -1.000000000000000000e+00 4.759999999999999787e+00 2.990000000000000213e+00 5.899999999999999689e-01 -1.000000000000000000e+00 3.890000000000000124e+00 7.570000000000000284e+00 7.110000000000000320e+00
7.139999999999999680e+00 5.070000000000000284e+00 -1.000000000000000000e+00 4.709999999999999964e+00 3.040000000000000036e+00 6.199999999999999956e-01 -1.000000000000000000e+00 3.890000000000000124e+00 7.440000000000000391e+00 7.120000000000000107e+00
7.190000000000000391e+00 5.150000000000000355e+00 -1.000000000000000000e+00 4.730000000000000426e+00 3.040000000000000036e+00 6.400000000000000133e-01 -1.000000000000000000e+00 3.870000000000000107e+00 7.509999999999999787e+00 7.150000000000000355e+00
7.209999999999999964e+00 5.040000000000000036e+00 -1.000000000000000000e+00 4.769999999999999574e+00 3.029999999999999805e+00 6.500000000000000222e-01 -1.000000000000000000e+00 3.930000000000000160e+00 7.450000000000000178e+00 7.110000000000000320e+00
7.150000000000000355e+00 5.089999999999999858e+00 -1.000000000000000000e+00 4.759999999999999787e+00 3.029999999999999805e+00 6.500000000000000222e-01 -1.000000000000000000e+00 3.850000000000000089e+00 7.429999999999999716e+00 7.080000000000000071e+00
7.179999999999999716e+00 5.120000000000000107e+00 -1.000000000000000000e+00 4.700000000000000178e+00 3.049999999999999822e+00 5.999999999999999778e-01 -1.000000000000000000e+00 3.850000000000000089e+00 7.519999999999999574e+00 7.120000000000000107e+00
7.269999999999999574e+00 5.129999999999999893e+00 -1.000000000000000000e+00 4.700000000000000178e+00 3.029999999999999805e+00 5.999999999999999778e-01 -1.000000000000000000e+00 3.850000000000000089e+00 7.549999999999999822e+00 7.099999999999999645e+00
7.179999999999999716e+00 5.179999999999999716e+00 -1.000000000000000000e+00 4.700000000000000178e+00 3.040000000000000036e+00 6.199999999999999956e-01 -1.000000000000000000e+00 3.770000000000000018e+00 7.500000000000000000e+00 7.089999999999999858e+00
7.179999999999999716e+00 5.129999999999999893e+00 -1.000000000000000000e+00 4.750000000000000000e+00 3.069999999999999840e+00 6.099999999999999867e-01 -1.000000000000000000e+00 3.890000000000000124e+00 7.540000000000000036e+00 7.129999999999999893e+00
7.219999999999999751e+00 5.120000000000000107e+00 -1.000000000000000000e+00 4.730000000000000426e+00 3.049999999999999822e+00 6.300000000000000044e-01 -1.000000000000000000e+00 3.879999999999999893e+00 7.480000000000000426e+00 7.080000000000000071e+00
7.139999999999999680e+00 5.169999999999999929e+00 -1.000000000000000000e+00 4.730000000000000426e+00 3.040000000000000036e+00 6.199999999999999956e-01 -1.000000000000000000e+00 3.850000000000000089e+00 7.480000000000000426e+00 7.120000000000000107e+00
7.209999999999999964e+00 5.129999999999999893e+00 -1.000000000000000000e+00 4.679999999999999716e+00 -1.000000000000000000e+00 6.300000000000000044e-01 -1.000000000000000000e+00 3.859999999999999876e+00 7.559999999999999609e+00 7.110000000000000320e+00
7.169999999999999929e+00 5.089999999999999858e+00 -1.000000000000000000e+00 4.740000000000000213e+00 3.109999999999999876e+00 6.199999999999999956e-01 -1.000000000000000000e+00 3.870000000000000107e+00 7.540000000000000036e+00 7.120000000000000107e+00
7.179999999999999716e+00 5.120000000000000107e+00 -1.000000000000000000e+00 4.740000000000000213e+00 3.049999999999999822e+00 5.999999999999999778e-01 -1.000000000000000000e+00 3.950000000000000178e+00 7.500000000000000000e+00 7.120000000000000107e+00
7.209999999999999964e+00 5.080000000000000071e+00 -1.000000000000000000e+00 4.719999999999999751e+00 3.040000000000000036e+00 5.899999999999999689e-01 -1.000000000000000000e+00 -1.000000000000000000e+00 7.549999999999999822e+00 7.120000000000000107e+00
7.179999999999999716e+00 5.110000000000000320e+00 -1.000000000000000000e+00 4.809999999999999609e+00 3.069999999999999840e+00 6.400000000000000133e-01 -1.000000000000000000e+00 3.890000000000000124e+00 7.469999999999999751e+00 7.089999999999999858e+00
7.129999999999999893e+00 5.120000000000000107e+00 -1.000000000000000000e+00 4.679999999999999716e+00 3.009999999999999787e+00 6.300000000000000044e-01 -1.000000000000000000e+00 3.859999999999999876e+00 7.549999999999999822e+00 7.070000000000000284e+00
7.129999999999999893e+00 5.129999999999999893e+00 -1.000000000000000000e+00 4.730000000000000426e+00 3.029999999999999805e+00 6.099999999999999867e-01 -1.000000000000000000e+00 3.859999999999999876e+00 7.480000000000000426e+00 7.089999999999999858e+00
7.179999999999999716e+00 5.120000000000000107e+00 -1.000000000000000000e+00 4.750000000000000000e+00 3.069999999999999840e+00 6.600000000000000311e-01 -1.000000000000000000e+00 3.850000000000000089e+00 7.429999999999999716e+00 7.089999999999999858e+00
7.179999999999999716e+00 5.099999999999999645e+00 -1.000000000000000000e+00 4.730000000000000426e+00 3.020000000000000018e+00 6.099999999999999867e-01 -1.000000000000000000e+00 3.870000000000000107e+00 7.419999999999999929e+00 7.080000000000000071e+00
7.259999999999999787e+00 5.120000000000000107e+00 -1.000000000000000000e+00 4.679999999999999716e+00 3.080000000000000071e+00 6.400000000000000133e-01 -1.000000000000000000e+00 3.810000000000000053e+00 7.450000000000000178e+00 7.110000000000000320e+00
7.209999999999999964e+00 5.139999999999999680e+00 -1.000000000000000000e+00 4.769999999999999574e+00 3.049999999999999822e+00 5.600000000000000533e-01 -1.000000000000000000e+00 3.850000000000000089e+00 7.500000000000000000e+00 7.120000000000000107e+00
7.160000000000000142e+00 5.179999999999999716e+00 -1.000000000000000000e+00 4.679999999999999716e+00 3.000000000000000000e+00 6.700000000000000400e-01 -1.000000000000000000e+00 3.850000000000000089e+00 7.509999999999999787e+00 7.089999999999999858e+00
7.129999999999999893e+00 5.080000000000000071e+00 -1.000000000000000000e+00 4.719999999999999751e+00 3.049999999999999822e+00 5.899999999999999689e-01 -1.000000000000000000e+00 3.839999999999999858e+00 7.530000000000000249e+00 7.129999999999999893e+00
7.209999999999999964e+00 5.110000000000000320e+00 -1.000000000000000000e+00 4.759999999999999787e+00 3.020000000000000018e+00 6.199999999999999956e-01 -1.000000000000000000e+00 3.899999999999999911e+00 7.540000000000000036e+00 7.129999999999999893e+00
7.179999999999999716e+00 5.049999999999999822e+00 -1.000000000000000000e+00 4.769999999999999574e+00 3.009999999999999787e+00 6.500000000000000222e-01 -1.000000000000000000e+00 3.839999999999999858e+00 7.580000000000000071e+00 7.139999999999999680e+00
7.209999999999999964e+00 5.070000000000000284e+00 -1.000000000000000000e+00 4.830000000000000071e+00 3.040000000000000036e+00 5.500000000000000444e-01 -1.000000000000000000e+00 3.830000000000000071e+00 7.549999999999999822e+00 7.150000000000000355e+00
7.209999999999999964e+00 5.040000000000000036e+00 -1.000000000000000000e+00 4.719999999999999751e+00 3.000000000000000000e+00 5.899999999999999689e-01 -1.000000000000000000e+00 3.899999999999999911e+00 7.429999999999999716e+00 7.120000000000000107e+00
7.209999999999999964e+00 5.089999999999999858e+00 -1.000000000000000000e+00 4.759999999999999787e+00 3.000000000000000000e+00 6.199999999999999956e-01 -1.000000000000000000e+00 3.870000000000000107e+00 7.500000000000000000e+00 7.099999999999999645e+00
