-1.000000000000000000e+00 -1.000000000000000000e+00 -1.000000000000000000e+00 -1.000000000000000000e+00 -1.000000000000000000e+00 -1.000000000000000000e+00 -1.000000000000000000e+00 -1.000000000000000000e+00 -1.000000000000000000e+00 -1.000000000000000000e+00
7.200000000000000178e+00 4.870000000000000107e+00 -1.000000000000000000e+00 4.790000000000000036e+00 2.529999999999999805e+00 -1.000000000000000000e+00 5.699999999999999512e-01 3.939999999999999947e+00 7.330000000000000071e+00 7.099999999999999645e+00
7.169999999999999929e+00 4.809999999999999609e+00 -1.000000000000000000e+00 4.820000000000000284e+00 2.560000000000000053e+00 -1.000000000000000000e+00 6.300000000000000044e-01 4.089999999999999858e+00 7.330000000000000071e+00 7.049999999999999822e+00
7.200000000000000178e+00 4.759999999999999787e+00 -1.000000000000000000e+00 4.839999999999999858e+00 2.580000000000000071e+00 -1.000000000000000000e+00 5.600000000000000533e-01 4.000000000000000000e+00 7.419999999999999929e+00 7.009999999999999787e+00
7.139999999999999680e+00 4.839999999999999858e+00 -1.000000000000000000e+00 4.879999999999999893e+00 2.520000000000000018e+00 -1.000000000000000000e+00 5.500000000000000444e-01 4.000000000000000000e+00 7.379999999999999893e+00 7.049999999999999822e+00
7.179999999999999716e+00 4.839999999999999858e+00 -1.000000000000000000e+00 4.820000000000000284e+00 2.549999999999999822e+00 -1.000000000000000000e+00 6.199999999999999956e-01 4.009999999999999787e+00 7.299999999999999822e+00 7.080000000000000071e+00
7.150000000000000355e+00 4.799999999999999822e+00 -1.000000000000000000e+00 4.799999999999999822e+00 2.549999999999999822e+00 -1.000000000000000000e+00 6.199999999999999956e-01 3.979999999999999982e+00 7.459999999999999964e+00 7.059999999999999609e+00
7.120000000000000107e+00 4.889999999999999680e+00 -1.000000000000000000e+00 4.830000000000000071e+00 2.540000000000000036e+00 -1.000000000000000000e+00 5.999999999999999778e-01 3.990000000000000213e+00 7.389999999999999680e+00 7.030000000000000249e+00
7.160000000000000142e+00 4.860000000000000320e+00 -1.000000000000000000e+00 4.799999999999999822e+00 2.569999999999999840e+00 -1.000000000000000000e+00 5.999999999999999778e-01 3.939999999999999947e+00 7.339999999999999858e+00 7.070000000000000284e+00
7.179999999999999716e+00 4.849999999999999645e+00 -1.000000000000000000e+00 4.809999999999999609e+00 2.549999999999999822e+00 -1.000000000000000000e+00 6.099999999999999867e-01 3.979999999999999982e+00 7.269999999999999574e+00 7.089999999999999858e+00
7.150000000000000355e+00 4.809999999999999609e+00 -1.000000000000000000e+00 4.860000000000000320e+00 2.549999999999999822e+00 -1.000000000000000000e+00 5.600000000000000533e-01 4.009999999999999787e+00 7.250000000000000000e+00 7.110000000000000320e+00
7.179999999999999716e+00 4.849999999999999645e+00 -1.000000000000000000e+00 4.740000000000000213e+00 2.580000000000000071e+00 -1.000000000000000000e+00 6.500000000000000222e-01 3.910000000000000142e+00 7.280000000000000249e+00 7.040000000000000036e+00
7.129999999999999893e+00 4.879999999999999893e+00 -1.000000000000000000e+00 4.839999999999999858e+00 2.529999999999999805e+00 -1.000000000000000000e+00 6.099999999999999867e-01 4.000000000000000000e+00 7.309999999999999609e+00 7.049999999999999822e+00
7.120000000000000107e+00 4.849999999999999645e+00 -1.000000000000000000e+00 4.809999999999999609e+00 2.540000000000000036e+00 -1.000000000000000000e+00 6.199999999999999956e-01 3.919999999999999929e+00 7.349999999999999645e+00 7.059999999999999609e+00
7.190000000000000391e+00 4.879999999999999893e+00 -1.000000000000000000e+00 4.830000000000000071e+00 2.540000000000000036e+00 -1.000000000000000000e+00 5.799999999999999600e-01 4.030000000000000249e+00 7.379999999999999893e+00 7.160000000000000142e+00
7.179999999999999716e+00 4.830000000000000071e+00 -1.000000000000000000e+00 4.809999999999999609e+00 2.580000000000000071e+00 -1.000000000000000000e+00 5.899999999999999689e-01 4.000000000000000000e+00 7.339999999999999858e+00 7.080000000000000071e+00
7.179999999999999716e+00 4.820000000000000284e+00 -1.000000000000000000e+00 4.790000000000000036e+00 2.520000000000000018e+00 -1.000000000000000000e+00 5.999999999999999778e-01 3.930000000000000160e+00 7.309999999999999609e+00 7.030000000000000249e+00
7.139999999999999680e+00 4.820000000000000284e+00 -1.000000000000000000e+00 4.809999999999999609e+00 2.580000000000000071e+00 -1.000000000000000000e+00 6.099999999999999867e-01 3.930000000000000160e+00 7.339999999999999858e+00 7.089999999999999858e+00
7.129999999999999893e+00 4.839999999999999858e+00 -1.000000000000000000e+00 4.759999999999999787e+00 2.569999999999999840e+00 -1.000000000000000000e+00 6.199999999999999956e-01 3.939999999999999947e+00 7.370000000000000107e+00 7.040000000000000036e+00
7.200000000000000178e+00 4.879999999999999893e+00 -1.000000000000000000e+00 4.769999999999999574e+00 2.560000000000000053e+00 -1.000000000000000000e+00 5.799999999999999600e-01 4.040000000000000036e+00 7.250000000000000000e+00 7.059999999999999609e+00
7.190000000000000391e+00 4.830000000000000071e+00 -1.000000000000000000e+00 4.780000000000000249e+00 2.580000000000000071e+00 -1.000000000000000000e+00 5.799999999999999600e-01 3.950000000000000178e+00 7.389999999999999680e+00 7.030000000000000249e+00
7.099999999999999645e+00 4.879999999999999893e+00 -1.000000000000000000e+00 4.740000000000000213e+00 2.540000000000000036e+00 -1.000000000000000000e+00 6.600000000000000311e-01 4.040000000000000036e+00 7.370000000000000107e+00 -1.000000000000000000e+00
7.169999999999999929e+00 4.839999999999999858e+00 -1.000000000000000000e+00 4.769999999999999574e+00 2.540000000000000036e+00 -1.000000000000000000e+00 5.799999999999999600e-01 3.939999999999999947e+00 7.309999999999999609e+00 7.059999999999999609e+00
7.219999999999999751e+00 4.839999999999999858e+00 -1.000000000000000000e+00 4.830000000000000071e+00 2.549999999999999822e+00 -1.000000000000000000e+00 6.199999999999999956e-01 3.979999999999999982e+00 7.389999999999999680e+00 -1.000000000000000000e+00
7.200000000000000178e+00 4.809999999999999609e+00 -1.000000000000000000e+00 4.799999999999999822e+00 2.560000000000000053e+00 -1.000000000000000000e+00 5.600000000000000533e-01 3.990000000000000213e+00 7.339999999999999858e+00 7.059999999999999609e+00
7.099999999999999645e+00 4.849999999999999645e+00 -1.000000000000000000e+00 4.839999999999999858e+00 2.580000000000000071e+00 -1.000000000000000000e+00 6.199999999999999956e-01 3.959999999999999964e+00 7.309999999999999609e+00 7.049999999999999822e+00
7.139999999999999680e+00 4.830000000000000071e+00 -1.000000000000000000e+00 4.860000000000000320e+00 2.569999999999999840e+00 -1.000000000000000000e+00 5.999999999999999778e-01 3.970000000000000195e+00 7.280000000000000249e+00 7.089999999999999858e+00
7.190000000000000391e+00 4.769999999999999574e+00 -1.000000000000000000e+00 4.860000000000000320e+00 2.560000000000000053e+00 -1.000000000000000000e+00 5.699999999999999512e-01 3.970000000000000195e+00 7.280000000000000249e+00 7.169999999999999929e+00
7.120000000000000107e+00 4.820000000000000284e+00 -1.000000000000000000e+00 4.750000000000000000e+00 2.529999999999999805e+00 -1.000000000000000000e+00 5.999999999999999778e-01 3.930000000000000160e+00 7.419999999999999929e+00 7.040000000000000036e+00
7.169999999999999929e+00 4.860000000000000320e+00 -1.000000000000000000e+00 4.780000000000000249e+00 2.580000000000000071e+00 -1.000000000000000000e+00 5.799999999999999600e-01 3.959999999999999964e+00 7.379999999999999893e+00 7.040000000000000036e+00
7.179999999999999716e+00 4.839999999999999858e+00 -1.000000000000000000e+00 4.759999999999999787e+00 2.560000000000000053e+00 -1.000000000000000000e+00 5.600000000000000533e-01 3.939999999999999947e+00 7.269999999999999574e+00 7.030000000000000249e+00
7.139999999999999680e+00 4.790000000000000036e+00 -1.000000000000000000e+00 4.769999999999999574e+00 2.569999999999999840e+00 -1.000000000000000000e+00 5.899999999999999689e-01 3.919999999999999929e+00 7.309999999999999609e+00 7.080000000000000071e+00
7.099999999999999645e+00 4.860000000000000320e+00 -1.000000000000000000e+00 4.759999999999999787e+00 2.569999999999999840e+00 -1.000000000000000000e+00 5.899999999999999689e-01 3.970000000000000195e+00 7.290000000000000036e+00 7.059999999999999609e+00
7.209999999999999964e+00 4.849999999999999645e+00 -1.000000000000000000e+00 4.830000000000000071e+00 2.509999999999999787e+00 -1.000000000000000000e+00 6.500000000000000222e-01 4.009999999999999787e+00 7.320000000000000284e+00 7.040000000000000036e+00
7.200000000000000178e+00 4.830000000000000071e+00 -1.000000000000000000e+00 4.820000000000000284e+00 2.560000000000000053e+00 -1.000000000000000000e+00 6.099999999999999867e-01 3.910000000000000142e+00 7.400000000000000355e+00 7.049999999999999822e+00
7.209999999999999964e+00 4.870000000000000107e+00 -1.000000000000000000e+00 4.839999999999999858e+00 2.560000000000000053e+00 -1.000000000000000000e+00 5.699999999999999512e-01 4.000000000000000000e+00 7.299999999999999822e+00 7.080000000000000071e+00
7.110000000000000320e+00 4.839999999999999858e+00 -1.000000000000000000e+00 4.730000000000000426e+00 2.589999999999999858e+00 -1.000000000000000000e+00 6.199999999999999956e-01 3.919999999999999929e+00 7.280000000000000249e+00 7.070000000000000284e+00
7.080000000000000071e+00 4.820000000000000284e+00 -1.000000000000000000e+00 4.820000000000000284e+00 2.549999999999999822e+00 -1.000000000000000000e+00 5.799999999999999600e-01 3.990000000000000213e+00 7.370000000000000107e+00 7.080000000000000071e+00
7.169999999999999929e+00 4.809999999999999609e+00 -1.000000000000000000e+00 4.690000000000000391e+00 2.540000000000000036e+00 -1.000000000000000000e+00 6.500000000000000222e-01 4.040000000000000036e+00 7.360000000000000320e+00 7.089999999999999858e+00
7.099999999999999645e+00 4.830000000000000071e+00 -1.000000000000000000e+00 4.780000000000000249e+00 2.529999999999999805e+00 -1.000000000000000000e+00 5.699999999999999512e-01 3.939999999999999947e+00 7.349999999999999645e+00 7.059999999999999609e+00
7.169999999999999929e+00 4.849999999999999645e+00 -1.000000000000000000e+00 4.830000000000000071e+00 2.569999999999999840e+00 -1.000000000000000000e+00 6.099999999999999867e-01 4.000000000000000000e+00 7.320000000000000284e+00 7.080000000000000071e+00
7.160000000000000142e+00 4.849999999999999645e+00 -1.000000000000000000e+00 4.799999999999999822e+00 2.540000000000000036e+00 -1.000000000000000000e+00 6.400000000000000133e-01 3.950000000000000178e+00 7.370000000000000107e+00 7.000000000000000000e+00
7.139999999999999680e+00 4.830000000000000071e+00 -1.000000000000000000e+00 4.809999999999999609e+00 2.549999999999999822e+00 -1.000000000000000000e+00 5.999999999999999778e-01 3.990000000000000213e+00 7.410000000000000142e+00 7.070000000000000284e+00
7.150000000000000355e+00 4.849999999999999645e+00 -1.000000000000000000e+00 4.750000000000000000e+00 2.540000000000000036e+00 -1.000000000000000000e+00 5.999999999999999778e-01 4.009999999999999787e+00 7.339999999999999858e+00 7.030000000000000249e+00
7.139999999999999680e+00 4.780000000000000249e+00 -1.000000000000000000e+00 4.759999999999999787e+00 2.589999999999999858e+00 -1.000000000000000000e+00 6.400000000000000133e-01 3.950000000000000178e+00 7.360000000000000320e+00 7.070000000000000284e+00
7.200000000000000178e+00 4.809999999999999609e+00 -1.000000000000000000e+00 4.820000000000000284e+00 2.529999999999999805e+00 -1.000000000000000000e+00 5.899999999999999689e-01 3.990000000000000213e+00 7.330000000000000071e+00 7.080000000000000071e+00
7.150000000000000355e+00 4.839999999999999858e+00 -1.000000000000000000e+00 4.839999999999999858e+00 2.569999999999999840e+00 -1.000000000000000000e+00 5.500000000000000444e-01 3.930000000000000160e+00 7.309999999999999609e+00 7.059999999999999609e+00
7.190000000000000391e+00 4.870000000000000107e+00 -1.000000000000000000e+00 4.790000000000000036e+00 2.569999999999999840e+00 -1.000000000000000000e+00 6.199999999999999956e-01 3.919999999999999929e+00 7.349999999999999645e+00 7.049999999999999822e+00
7.129999999999999893e+00 4.809999999999999609e+00 -1.000000000000000000e+00 4.790000000000000036e+00 2.569999999999999840e+00 -1.000000000000000000e+00 5.899999999999999689e-01 3.979999999999999982e+00 7.360000000000000320e+00 7.059999999999999609e+00
7.190000000000000391e+00 4.830000000000000071e+00 -1.000000000000000000e+00 4.879999999999999893e+00 2.560000000000000053e+00 -1.000000000000000000e+00 6.199999999999999956e-01 3.939999999999999947e+00 7.339999999999999858e+00 7.089999999999999858e+00
7.129999999999999893e+00 4.830000000000000071e+00 -1.000000000000000000e+00 4.849999999999999645e+00 2.600000000000000089e+00 -1.000000000000000000e+00 6.500000000000000222e-01 3.899999999999999911e+00 7.299999999999999822e+00 7.099999999999999645e+00
7.129999999999999893e+00 4.839999999999999858e+00 -1.000000000000000000e+00 4.769999999999999574e+00 2.540000000000000036e+00 -1.000000000000000000e+00 5.699999999999999512e-01 4.000000000000000000e+00 7.339999999999999858e+00 7.040000000000000036e+00
7.209999999999999964e+00 4.820000000000000284e+00 -1.000000000000000000e+00 4.809999999999999609e+00 2.560000000000000053e+00 -1.000000000000000000e+00 5.899999999999999689e-01 3.919999999999999929e+00 7.330000000000000071e+00 7.049999999999999822e+00
7.129999999999999893e+00 4.879999999999999893e+00 -1.000000000000000000e+00 4.809999999999999609e+00 2.560000000000000053e+00 -1.000000000000000000e+00 5.899999999999999689e-01 4.009999999999999787e+00 7.440000000000000391e+00 7.080000000000000071e+00
7.160000000000000142e+00 4.830000000000000071e+00 -1.000000000000000000e+00 4.809999999999999609e+00 2.500000000000000000e+00 -1.000000000000000000e+00 6.099999999999999867e-01 3.970000000000000195e+00 7.379999999999999893e+00 7.080000000000000071e+00
7.179999999999999716e+00 4.879999999999999893e+00 -1.000000000000000000e+00 4.809999999999999609e+00 2.549999999999999822e+00 -1.000000000000000000e+00 5.999999999999999778e-01 3.939999999999999947e+00 7.330000000000000071e+00 7.070000000000000284e+00
7.139999999999999680e+00 4.849999999999999645e+00 -1.000000000000000000e+00 4.750000000000000000e+00 2.529999999999999805e+00 -1.000000000000000000e+00 6.199999999999999956e-01 4.040000000000000036e+00 7.349999999999999645e+00 7.070000000000000284e+00
7.129999999999999893e+00 4.799999999999999822e+00 -1.000000000000000000e+00 4.820000000000000284e+00 2.549999999999999822e+00 -1.000000000000000000e+00 6.199999999999999956e-01 3.939999999999999947e+00 7.389999999999999680e+00 7.089999999999999858e+00
7.150000000000000355e+00 4.830000000000000071e+00 -1.000000000000000000e+00 4.769999999999999574e+00 2.540000000000000036e+00 -1.000000000000000000e+00 5.999999999999999778e-01 4.009999999999999787e+00 7.389999999999999680e+00 7.070000000000000284e+00
7.150000000000000355e+00 4.849999999999999645e+00 -1.000000000000000000e+00 4.759999999999999787e+00 2.479999999999999982e+00 -1.000000000000000000e+00 6.099999999999999867e-01 4.009999999999999787e+00 7.330000000000000071e+00 7.080000000000000071e+00
7.169999999999999929e+00 4.830000000000000071e+00 -1.000000000000000000e+00 4.830000000000000071e+00 2.490000000000000213e+00 -1.000000000000000000e+00 6.099999999999999867e-01 3.910000000000000142e+00 7.269999999999999574e+00 7.059999999999999609e+00
7.099999999999999645e+00 4.820000000000000284e+00 -1.000000000000000000e+00 4.809999999999999609e+00 2.529999999999999805e+00 -1.000000000000000000e+00 5.999999999999999778e-01 4.009999999999999787e+00 7.290000000000000036e+00 7.080000000000000071e+00
7.160000000000000142e+00 4.870000000000000107e+00 -1.000000000000000000e+00 4.830000000000000071e+00 2.520000000000000018e+00 -1.000000000000000000e+00 5.899999999999999689e-01 3.930000000000000160e+00 7.349999999999999645e+00 7.080000000000000071e+00
7.150000000000000355e+00 4.830000000000000071e+00 -1.000000000000000000e+00 4.769999999999999574e+00 2.569999999999999840e+00 -1.000000000000000000e+00 5.899999999999999689e-01 3.979999999999999982e+00 7.370000000000000107e+00 7.059999999999999609e+00
7.129999999999999893e+00 4.790000000000000036e+00 -1.000000000000000000e+00 4.740000000000000213e+00 2.509999999999999787e+00 -1.000000000000000000e+00 5.799999999999999600e-01 3.979999999999999982e+00 7.209999999999999964e+00 7.099999999999999645e+00
7.160000000000000142e+00 4.849999999999999645e+00 -1.000000000000000000e+00 4.769999999999999574e+00 2.509999999999999787e+00 -1.000000000000000000e+00 6.300000000000000044e-01 3.959999999999999964e+00 7.320000000000000284e+00 7.070000000000000284e+00
7.190000000000000391e+00 4.830000000000000071e+00 -1.000000000000000000e+00 4.799999999999999822e+00 2.509999999999999787e+00 -1.000000000000000000e+00 5.699999999999999512e-01 3.979999999999999982e+00 7.379999999999999893e+00 7.120000000000000107e+00
7.179999999999999716e+00 4.870000000000000107e+00 -1.000000000000000000e+00 4.790000000000000036e+00 2.529999999999999805e+00 -1.000000000000000000e+00 5.899999999999999689e-01 3.950000000000000178e+00 7.349999999999999645e+00 7.059999999999999609e+00
7.160000000000000142e+00 4.860000000000000320e+00 -1.000000000000000000e+00 4.780000000000000249e+00 2.529999999999999805e+00 -1.000000000000000000e+00 5.799999999999999600e-01 4.009999999999999787e+00 7.339999999999999858e+00 7.049999999999999822e+00
7.129999999999999893e+00 4.889999999999999680e+00 -1.000000000000000000e+00 4.830000000000000071e+00 2.540000000000000036e+00 -1.000000000000000000e+00 5.699999999999999512e-01 3.939999999999999947e+00 7.259999999999999787e+00 7.040000000000000036e+00
7.080000000000000071e+00 4.820000000000000284e+00 -1.000000000000000000e+00 4.820000000000000284e+00 2.490000000000000213e+00 -1.000000000000000000e+00 6.500000000000000222e-01 3.990000000000000213e+00 7.280000000000000249e+00 7.030000000000000249e+00
7.190000000000000391e+00 4.769999999999999574e+00 -1.000000000000000000e+00 4.809999999999999609e+00 2.529999999999999805e+00 -1.000000000000000000e+00 5.999999999999999778e-01 4.000000000000000000e+00 7.389999999999999680e+00 7.070000000000000284e+00
7.139999999999999680e+00 4.830000000000000071e+00 -1.000000000000000000e+00 4.820000000000000284e+00 2.520000000000000018e+00 -1.000000000000000000e+00 5.899999999999999689e-01 3.990000000000000213e+00 7.280000000000000249e+00 7.049999999999999822e+00
7.200000000000000178e+00 4.820000000000000284e+00 -1.000000000000000000e+00 4.820000000000000284e+00 2.520000000000000018e+00 -1.000000000000000000e+00 5.899999999999999689e-01 4.000000000000000000e+00 7.360000000000000320e+00 7.129999999999999893e+00
7.160000000000000142e+00 4.839999999999999858e+00 -1.000000000000000000e+00 4.820000000000000284e+00 2.509999999999999787e+00 -1.000000000000000000e+00 5.699999999999999512e-01 3.959999999999999964e+00 7.290000000000000036e+00 7.040000000000000036e+00
7.099999999999999645e+00 4.839999999999999858e+00 -1.000000000000000000e+00 4.790000000000000036e+00 2.600000000000000089e+00 -1.000000000000000000e+00 6.199999999999999956e-01 4.019999999999999574e+00 7.290000000000000036e+00 7.070000000000000284e+00
7.139999999999999680e+00 4.809999999999999609e+00 -1.000000000000000000e+00 4.809999999999999609e+00 2.520000000000000018e+00 -1.000000000000000000e+00 5.899999999999999689e-01 4.000000000000000000e+00 7.360000000000000320e+00 7.059999999999999609e+00
7.139999999999999680e+00 4.830000000000000071e+00 -1.000000000000000000e+00 4.780000000000000249e+00 2.520000000000000018e+00 -1.000000000000000000e+00 5.999999999999999778e-01 3.990000000000000213e+00 7.320000000000000284e+00 7.000000000000000000e+00
7.179999999999999716e+00 4.849999999999999645e+00 -1.000000000000000000e+00 4.820000000000000284e+00 2.540000000000000036e+00 -1.000000000000000000e+00 5.999999999999999778e-01 3.899999999999999911e+00 7.429999999999999716e+00 7.089999999999999858e+00
7.230000000000000426e+00 4.830000000000000071e+00 -1.000000000000000000e+00 4.830000000000000071e+00 2.540000000000000036e+00 -1.000000000000000000e+00 5.799999999999999600e-01 3.879999999999999893e+00 7.309999999999999609e+00 7.089999999999999858e+00
7.139999999999999680e+00 4.830000000000000071e+00 -1.000000000000000000e+00 4.799999999999999822e+00 2.520000000000000018e+00 -1.000000000000000000e+00 5.799999999999999600e-01 4.009999999999999787e+00 7.370000000000000107e+00 7.150000000000000355e+00
7.129999999999999893e+00 4.820000000000000284e+00 -1.000000000000000000e+00 4.849999999999999645e+00 2.529999999999999805e+00 -1.000000000000000000e+00 5.999999999999999778e-01 3.950000000000000178e+00 7.349999999999999645e+00 7.059999999999999609e+00
7.169999999999999929e+00 4.809999999999999609e+00 -1.000000000000000000e+00 4.700000000000000178e+00 2.549999999999999822e+00 -1.000000000000000000e+00 5.899999999999999689e-01 3.990000000000000213e+00 7.360000000000000320e+00 7.059999999999999609e+00
7.209999999999999964e+00 4.820000000000000284e+00 -1.000000000000000000e+00 4.750000000000000000e+00 2.520000000000000018e+00 -1.000000000000000000e+00 5.999999999999999778e-01 4.019999999999999574e+00 7.349999999999999645e+00 7.059999999999999609e+00
7.169999999999999929e+00 4.870000000000000107e+00 -1.000000000000000000e+00 4.839999999999999858e+00 2.540000000000000036e+00 -1.000000000000000000e+00 5.899999999999999689e-01 3.990000000000000213e+00 7.429999999999999716e+00 7.110000000000000320e+00
7.089999999999999858e+00 4.860000000000000320e+00 -1.000000000000000000e+00 4.750000000000000000e+00 2.540000000000000036e+00 -1.000000000000000000e+00 6.300000000000000044e-01 4.030000000000000249e+00 7.389999999999999680e+00 -1.000000000000000000e+00
7.190000000000000391e+00 4.839999999999999858e+00 -1.000000000000000000e+00 4.759999999999999787e+00 2.549999999999999822e+00 -1.000000000000000000e+00 6.500000000000000222e-01 4.009999999999999787e+00 7.309999999999999609e+00 7.049999999999999822e+00
7.209999999999999964e+00 4.839999999999999858e+00 -1.000000000000000000e+00 4.780000000000000249e+00 2.520000000000000018e+00 -1.000000000000000000e+00 5.699999999999999512e-01 4.009999999999999787e+00 7.360000000000000320e+00 7.110000000000000320e+00
7.139999999999999680e+00 4.799999999999999822e+00 -1.000000000000000000e+00 4.780000000000000249e+00 2.540000000000000036e+00 -1.000000000000000000e+00 5.699999999999999512e-01 4.030000000000000249e+00 7.330000000000000071e+00 7.019999999999999574e+00
7.150000000000000355e+00 4.799999999999999822e+00 -1.000000000000000000e+00 -1.000000000000000000e+00 2.540000000000000036e+00 -1.000000000000000000e+00 5.899999999999999689e-01 4.049999999999999822e+00 7.309999999999999609e+00 7.129999999999999893e+00
7.240000000000000213e+00 4.849999999999999645e+00 -1.000000000000000000e+00 4.799999999999999822e+00 2.529999999999999805e+00 -1.000000000000000000e+00 6.800000000000000488e-01 4.000000000000000000e+00 7.440000000000000391e+00 6.990000000000000213e+00
7.169999999999999929e+00 4.839999999999999858e+00 -1.000000000000000000e+00 4.839999999999999858e+00 2.549999999999999822e+00 -1.000000000000000000e+00 5.999999999999999778e-01 4.009999999999999787e+00 7.349999999999999645e+00 7.099999999999999645e+00
7.139999999999999680e+00 4.860000000000000320e+00 -1.000000000000000000e+00 4.809999999999999609e+00 2.520000000000000018e+00 -1.000000000000000000e+00 6.400000000000000133e-01 4.000000000000000000e+00 7.339999999999999858e+00 7.070000000000000284e+00
7.179999999999999716e+00 4.849999999999999645e+00 -1.000000000000000000e+00 4.839999999999999858e+00 2.529999999999999805e+00 -1.000000000000000000e+00 5.899999999999999689e-01 3.979999999999999982e+00 7.309999999999999609e+00 7.049999999999999822e+00
7.169999999999999929e+00 4.889999999999999680e+00 -1.000000000000000000e+00 4.790000000000000036e+00 2.520000000000000018e+00 -1.000000000000000000e+00 6.199999999999999956e-01 3.990000000000000213e+00 7.360000000000000320e+00 7.059999999999999609e+00
7.139999999999999680e+00 4.860000000000000320e+00 -1.000000000000000000e+00 4.830000000000000071e+00 2.520000000000000018e+00 -1.000000000000000000e+00 6.099999999999999867e-01 3.930000000000000160e+00 7.360000000000000320e+00 7.080000000000000071e+00
7.139999999999999680e+00 4.799999999999999822e+00 -1.000000000000000000e+00 4.809999999999999609e+00 2.520000000000000018e+00 -1.000000000000000000e+00 6.600000000000000311e-01 4.030000000000000249e+00 7.370000000000000107e+00 7.120000000000000107e+00
7.179999999999999716e+00 4.830000000000000071e+00 -1.000000000000000000e+00 4.830000000000000071e+00 2.520000000000000018e+00 -1.000000000000000000e+00 6.199999999999999956e-01 4.009999999999999787e+00 7.360000000000000320e+00 7.030000000000000249e+00
7.200000000000000178e+00 4.900000000000000355e+00 -1.000000000000000000e+00 4.839999999999999858e+00 2.540000000000000036e+00 -1.000000000000000000e+00 5.799999999999999600e-01 3.990000000000000213e+00 7.280000000000000249e+00 7.009999999999999787e+00
7.209999999999999964e+00 4.809999999999999609e+00 -1.000000000000000000e+00 4.790000000000000036e+00 2.509999999999999787e+00 -1.000000000000000000e+00 6.500000000000000222e-01 3.990000000000000213e+00 7.330000000000000071e+00 7.099999999999999645e+00
