-1.000000000000000000e+00 -1.000000000000000000e+00 -1.000000000000000000e+00 -1.000000000000000000e+00 -1.000000000000000000e+00 -1.000000000000000000e+00 -1.000000000000000000e+00 -1.000000000000000000e+00 -1.000000000000000000e+00 -1.000000000000000000e+00
-1.000000000000000000e+00 3.370000000000000107e+00 7.500000000000000000e+00 2.270000000000000018e+00 5.190000000000000391e+00 7.139999999999999680e+00 7.150000000000000355e+00 -1.000000000000000000e+00 2.319999999999999840e+00 1.110000000000000098e+00
-1.000000000000000000e+00 3.319999999999999840e+00 7.450000000000000178e+00 2.259999999999999787e+00 5.169999999999999929e+00 7.190000000000000391e+00 7.169999999999999929e+00 -1.000000000000000000e+00 2.259999999999999787e+00 1.050000000000000044e+00
-1.000000000000000000e+00 3.339999999999999858e+00 7.400000000000000355e+00 2.279999999999999805e+00 5.219999999999999751e+00 7.230000000000000426e+00 7.190000000000000391e+00 -1.000000000000000000e+00 2.330000000000000071e+00 1.110000000000000098e+00
-1.000000000000000000e+00 3.339999999999999858e+00 7.440000000000000391e+00 2.350000000000000089e+00 5.200000000000000178e+00 7.209999999999999964e+00 7.209999999999999964e+00 -1.000000000000000000e+00 2.319999999999999840e+00 1.080000000000000071e+00
-1.000000000000000000e+00 3.330000000000000071e+00 7.429999999999999716e+00 2.220000000000000195e+00 5.290000000000000036e+00 7.110000000000000320e+00 7.200000000000000178e+00 -1.000000000000000000e+00 2.299999999999999822e+00 1.139999999999999902e+00
-1.000000000000000000e+00 3.279999999999999805e+00 7.429999999999999716e+00 2.290000000000000036e+00 5.190000000000000391e+00 7.250000000000000000e+00 7.150000000000000355e+00 -1.000000000000000000e+00 2.339999999999999858e+00 1.080000000000000071e+00
-1.000000000000000000e+00 3.279999999999999805e+00 7.410000000000000142e+00 2.279999999999999805e+00 5.209999999999999964e+00 7.190000000000000391e+00 7.179999999999999716e+00 -1.000000000000000000e+00 2.299999999999999822e+00 1.110000000000000098e+00
-1.000000000000000000e+00 3.319999999999999840e+00 7.490000000000000213e+00 2.250000000000000000e+00 5.209999999999999964e+00 7.200000000000000178e+00 7.190000000000000391e+00 -1.000000000000000000e+00 2.299999999999999822e+00 1.080000000000000071e+00
-1.000000000000000000e+00 3.359999999999999876e+00 7.719999999999999751e+00 2.220000000000000195e+00 5.209999999999999964e+00 7.150000000000000355e+00 7.230000000000000426e+00 -1.000000000000000000e+00 2.299999999999999822e+00 1.080000000000000071e+00
-1.000000000000000000e+00 3.319999999999999840e+00 7.459999999999999964e+00 2.259999999999999787e+00 5.240000000000000213e+00 7.160000000000000142e+00 7.190000000000000391e+00 -1.000000000000000000e+00 2.330000000000000071e+00 1.149999999999999911e+00
-1.000000000000000000e+00 3.350000000000000089e+00 7.360000000000000320e+00 2.200000000000000178e+00 5.230000000000000426e+00 7.259999999999999787e+00 7.150000000000000355e+00 -1.000000000000000000e+00 2.319999999999999840e+00 1.129999999999999893e+00
-1.000000000000000000e+00 3.339999999999999858e+00 7.389999999999999680e+00 2.259999999999999787e+00 5.219999999999999751e+00 7.150000000000000355e+00 7.179999999999999716e+00 -1.000000000000000000e+00 2.270000000000000018e+00 1.080000000000000071e+00
-1.000000000000000000e+00 3.359999999999999876e+00 7.459999999999999964e+00 2.209999999999999964e+00 5.200000000000000178e+00 7.150000000000000355e+00 7.160000000000000142e+00 -1.000000000000000000e+00 2.270000000000000018e+00 1.129999999999999893e+00
-1.000000000000000000e+00 3.350000000000000089e+00 7.419999999999999929e+00 2.259999999999999787e+00 5.179999999999999716e+00 7.209999999999999964e+00 7.139999999999999680e+00 -1.000000000000000000e+00 2.319999999999999840e+00 1.060000000000000053e+00
-1.000000000000000000e+00 3.339999999999999858e+00 7.519999999999999574e+00 2.359999999999999876e+00 5.200000000000000178e+00 7.259999999999999787e+00 7.160000000000000142e+00 -1.000000000000000000e+00 2.299999999999999822e+00 1.060000000000000053e+00
-1.000000000000000000e+00 3.339999999999999858e+00 7.389999999999999680e+00 2.259999999999999787e+00 5.179999999999999716e+00 7.150000000000000355e+00 7.190000000000000391e+00 -1.000000000000000000e+00 2.330000000000000071e+00 1.040000000000000036e+00
-1.000000000000000000e+00 3.299999999999999822e+00 7.580000000000000071e+00 2.310000000000000053e+00 5.190000000000000391e+00 7.200000000000000178e+00 7.139999999999999680e+00 -1.000000000000000000e+00 2.290000000000000036e+00 1.129999999999999893e+00
-1.000000000000000000e+00 3.290000000000000036e+00 7.530000000000000249e+00 2.250000000000000000e+00 5.200000000000000178e+00 7.209999999999999964e+00 7.169999999999999929e+00 -1.000000000000000000e+00 2.259999999999999787e+00 1.120000000000000107e+00
-1.000000000000000000e+00 3.319999999999999840e+00 7.419999999999999929e+00 2.229999999999999982e+00 5.190000000000000391e+00 7.269999999999999574e+00 7.169999999999999929e+00 -1.000000000000000000e+00 2.330000000000000071e+00 1.110000000000000098e+00
-1.000000000000000000e+00 3.339999999999999858e+00 7.360000000000000320e+00 2.339999999999999858e+00 5.200000000000000178e+00 7.240000000000000213e+00 7.179999999999999716e+00 -1.000000000000000000e+00 2.259999999999999787e+00 1.100000000000000089e+00
-1.000000000000000000e+00 3.310000000000000053e+00 7.360000000000000320e+00 2.229999999999999982e+00 5.200000000000000178e+00 7.169999999999999929e+00 7.139999999999999680e+00 -1.000000000000000000e+00 2.270000000000000018e+00 1.120000000000000107e+00
-1.000000000000000000e+00 3.339999999999999858e+00 7.459999999999999964e+00 2.229999999999999982e+00 5.230000000000000426e+00 7.200000000000000178e+00 7.169999999999999929e+00 -1.000000000000000000e+00 2.310000000000000053e+00 1.070000000000000062e+00
-1.000000000000000000e+00 3.339999999999999858e+00 7.440000000000000391e+00 2.259999999999999787e+00 5.230000000000000426e+00 7.129999999999999893e+00 7.120000000000000107e+00 -1.000000000000000000e+00 2.279999999999999805e+00 1.050000000000000044e+00
-1.000000000000000000e+00 3.279999999999999805e+00 7.410000000000000142e+00 2.209999999999999964e+00 5.209999999999999964e+00 7.269999999999999574e+00 7.160000000000000142e+00 -1.000000000000000000e+00 2.310000000000000053e+00 1.080000000000000071e+00
-1.000000000000000000e+00 3.339999999999999858e+00 7.490000000000000213e+00 2.240000000000000213e+00 5.250000000000000000e+00 7.230000000000000426e+00 7.150000000000000355e+00 -1.000000000000000000e+00 2.270000000000000018e+00 1.030000000000000027e+00
-1.000000000000000000e+00 3.339999999999999858e+00 7.469999999999999751e+00 2.240000000000000213e+00 5.179999999999999716e+00 7.209999999999999964e+00 7.129999999999999893e+00 -1.000000000000000000e+00 2.330000000000000071e+00 1.129999999999999893e+00
-1.000000000000000000e+00 3.339999999999999858e+00 7.559999999999999609e+00 2.299999999999999822e+00 5.209999999999999964e+00 7.150000000000000355e+00 7.200000000000000178e+00 -1.000000000000000000e+00 2.330000000000000071e+00 1.070000000000000062e+00
-1.000000000000000000e+00 3.310000000000000053e+00 7.339999999999999858e+00 2.299999999999999822e+00 5.200000000000000178e+00 7.219999999999999751e+00 7.129999999999999893e+00 -1.000000000000000000e+00 2.299999999999999822e+00 1.080000000000000071e+00
-1.000000000000000000e+00 3.310000000000000053e+00 7.339999999999999858e+00 2.299999999999999822e+00 5.200000000000000178e+00 7.179999999999999716e+00 7.169999999999999929e+00 -1.000000000000000000e+00 2.310000000000000053e+00 1.090000000000000080e+00
-1.000000000000000000e+00 3.310000000000000053e+00 7.490000000000000213e+00 2.310000000000000053e+00 5.240000000000000213e+00 7.240000000000000213e+00 7.139999999999999680e+00 -1.000000000000000000e+00 2.299999999999999822e+00 1.090000000000000080e+00
-1.000000000000000000e+00 3.279999999999999805e+00 7.360000000000000320e+00 2.259999999999999787e+00 5.230000000000000426e+00 7.179999999999999716e+00 7.190000000000000391e+00 -1.000000000000000000e+00 2.270000000000000018e+00 1.030000000000000027e+00
-1.000000000000000000e+00 3.339999999999999858e+00 7.509999999999999787e+00 2.259999999999999787e+00 5.200000000000000178e+00 7.139999999999999680e+00 7.120000000000000107e+00 -1.000000000000000000e+00 2.279999999999999805e+00 1.040000000000000036e+00
-1.000000000000000000e+00 3.310000000000000053e+00 7.559999999999999609e+00 2.279999999999999805e+00 5.240000000000000213e+00 7.209999999999999964e+00 7.160000000000000142e+00 -1.000000000000000000e+00 2.339999999999999858e+00 1.070000000000000062e+00
-1.000000000000000000e+00 3.359999999999999876e+00 7.509999999999999787e+00 2.350000000000000089e+00 5.219999999999999751e+00 7.179999999999999716e+00 7.150000000000000355e+00 -1.000000000000000000e+00 2.279999999999999805e+00 1.090000000000000080e+00
-1.000000000000000000e+00 3.350000000000000089e+00 7.339999999999999858e+00 2.290000000000000036e+00 5.250000000000000000e+00 7.259999999999999787e+00 7.120000000000000107e+00 -1.000000000000000000e+00 2.279999999999999805e+00 1.080000000000000071e+00
-1.000000000000000000e+00 3.299999999999999822e+00 7.410000000000000142e+00 2.310000000000000053e+00 5.280000000000000249e+00 7.230000000000000426e+00 7.200000000000000178e+00 -1.000000000000000000e+00 2.290000000000000036e+00 1.010000000000000009e+00
-1.000000000000000000e+00 3.299999999999999822e+00 7.389999999999999680e+00 2.270000000000000018e+00 5.150000000000000355e+00 7.219999999999999751e+00 7.129999999999999893e+00 -1.000000000000000000e+00 2.330000000000000071e+00 1.050000000000000044e+00
-1.000000000000000000e+00 3.290000000000000036e+00 7.370000000000000107e+00 2.299999999999999822e+00 5.160000000000000142e+00 -1.000000000000000000e+00 7.169999999999999929e+00 -1.000000000000000000e+00 2.279999999999999805e+00 1.030000000000000027e+00
-1.000000000000000000e+00 3.330000000000000071e+00 7.559999999999999609e+00 2.319999999999999840e+00 5.200000000000000178e+00 7.299999999999999822e+00 7.160000000000000142e+00 -1.000000000000000000e+00 2.250000000000000000e+00 1.070000000000000062e+00
-1.000000000000000000e+00 3.359999999999999876e+00 7.419999999999999929e+00 2.339999999999999858e+00 5.190000000000000391e+00 7.209999999999999964e+00 7.179999999999999716e+00 -1.000000000000000000e+00 2.259999999999999787e+00 1.100000000000000089e+00
-1.000000000000000000e+00 3.339999999999999858e+00 7.419999999999999929e+00 2.270000000000000018e+00 5.240000000000000213e+00 7.209999999999999964e+00 7.169999999999999929e+00 -1.000000000000000000e+00 2.359999999999999876e+00 1.060000000000000053e+00
-1.000000000000000000e+00 3.339999999999999858e+00 7.400000000000000355e+00 2.279999999999999805e+00 5.190000000000000391e+00 7.160000000000000142e+00 7.169999999999999929e+00 -1.000000000000000000e+00 2.350000000000000089e+00 1.090000000000000080e+00
-1.000000000000000000e+00 3.330000000000000071e+00 7.370000000000000107e+00 2.259999999999999787e+00 5.190000000000000391e+00 7.259999999999999787e+00 7.150000000000000355e+00 -1.000000000000000000e+00 2.290000000000000036e+00 1.090000000000000080e+00
-1.000000000000000000e+00 3.379999999999999893e+00 7.419999999999999929e+00 2.209999999999999964e+00 5.230000000000000426e+00 7.160000000000000142e+00 7.190000000000000391e+00 -1.000000000000000000e+00 2.310000000000000053e+00 1.080000000000000071e+00
-1.000000000000000000e+00 3.330000000000000071e+00 7.339999999999999858e+00 2.259999999999999787e+00 5.209999999999999964e+00 7.139999999999999680e+00 7.200000000000000178e+00 -1.000000000000000000e+00 2.330000000000000071e+00 1.070000000000000062e+00
-1.000000000000000000e+00 3.299999999999999822e+00 7.429999999999999716e+00 2.299999999999999822e+00 5.250000000000000000e+00 7.320000000000000284e+00 7.150000000000000355e+00 -1.000000000000000000e+00 2.299999999999999822e+00 1.120000000000000107e+00
-1.000000000000000000e+00 3.330000000000000071e+00 7.490000000000000213e+00 2.310000000000000053e+00 5.219999999999999751e+00 7.139999999999999680e+00 7.150000000000000355e+00 -1.000000000000000000e+00 2.319999999999999840e+00 1.129999999999999893e+00
-1.000000000000000000e+00 3.299999999999999822e+00 7.450000000000000178e+00 2.319999999999999840e+00 5.250000000000000000e+00 7.209999999999999964e+00 7.219999999999999751e+00 -1.000000000000000000e+00 2.339999999999999858e+00 1.100000000000000089e+00
-1.000000000000000000e+00 -1.000000000000000000e+00 7.290000000000000036e+00 2.279999999999999805e+00 5.219999999999999751e+00 7.209999999999999964e+00 7.150000000000000355e+00 -1.000000000000000000e+00 2.310000000000000053e+00 1.120000000000000107e+00
-1.000000000000000000e+00 3.319999999999999840e+00 7.519999999999999574e+00 2.310000000000000053e+00 5.240000000000000213e+00 7.190000000000000391e+00 7.160000000000000142e+00 -1.000000000000000000e+00 2.339999999999999858e+00 1.159999999999999920e+00
-1.000000000000000000e+00 3.319999999999999840e+00 7.330000000000000071e+00 2.250000000000000000e+00 5.219999999999999751e+00 7.280000000000000249e+00 7.169999999999999929e+00 -1.000000000000000000e+00 2.319999999999999840e+00 1.080000000000000071e+00
-1.000000000000000000e+00 3.330000000000000071e+00 7.419999999999999929e+00 2.250000000000000000e+00 5.230000000000000426e+00 7.209999999999999964e+00 7.200000000000000178e+00 -1.000000000000000000e+00 2.290000000000000036e+00 1.070000000000000062e+00
-1.000000000000000000e+00 3.290000000000000036e+00 7.410000000000000142e+00 2.240000000000000213e+00 5.219999999999999751e+00 7.169999999999999929e+00 7.169999999999999929e+00 -1.000000000000000000e+00 2.299999999999999822e+00 1.139999999999999902e+00
-1.000000000000000000e+00 3.299999999999999822e+00 7.429999999999999716e+00 2.299999999999999822e+00 5.139999999999999680e+00 7.150000000000000355e+00 7.150000000000000355e+00 -1.000000000000000000e+00 2.259999999999999787e+00 1.120000000000000107e+00
-1.000000000000000000e+00 3.279999999999999805e+00 7.509999999999999787e+00 2.310000000000000053e+00 5.259999999999999787e+00 7.240000000000000213e+00 7.139999999999999680e+00 -1.000000000000000000e+00 2.299999999999999822e+00 1.050000000000000044e+00
-1.000000000000000000e+00 3.290000000000000036e+00 7.419999999999999929e+00 2.290000000000000036e+00 5.190000000000000391e+00 7.190000000000000391e+00 7.190000000000000391e+00 -1.000000000000000000e+00 2.299999999999999822e+00 1.129999999999999893e+00
-1.000000000000000000e+00 3.339999999999999858e+00 7.360000000000000320e+00 2.279999999999999805e+00 5.269999999999999574e+00 7.160000000000000142e+00 7.160000000000000142e+00 -1.000000000000000000e+00 2.279999999999999805e+00 1.050000000000000044e+00
-1.000000000000000000e+00 3.299999999999999822e+00 7.370000000000000107e+00 2.290000000000000036e+00 5.230000000000000426e+00 7.259999999999999787e+00 7.150000000000000355e+00 -1.000000000000000000e+00 2.319999999999999840e+00 1.110000000000000098e+00
-1.000000000000000000e+00 3.310000000000000053e+00 7.360000000000000320e+00 2.279999999999999805e+00 5.150000000000000355e+00 7.320000000000000284e+00 7.150000000000000355e+00 -1.000000000000000000e+00 2.310000000000000053e+00 1.120000000000000107e+00
-1.000000000000000000e+00 3.330000000000000071e+00 7.389999999999999680e+00 2.330000000000000071e+00 5.190000000000000391e+00 7.139999999999999680e+00 7.179999999999999716e+00 -1.000000000000000000e+00 2.319999999999999840e+00 1.060000000000000053e+00
-1.000000000000000000e+00 3.310000000000000053e+00 7.339999999999999858e+00 2.319999999999999840e+00 5.209999999999999964e+00 7.190000000000000391e+00 7.169999999999999929e+00 -1.000000000000000000e+00 2.310000000000000053e+00 1.100000000000000089e+00
-1.000000000000000000e+00 3.330000000000000071e+00 7.429999999999999716e+00 2.220000000000000195e+00 5.230000000000000426e+00 7.250000000000000000e+00 7.150000000000000355e+00 -1.000000000000000000e+00 2.299999999999999822e+00 1.080000000000000071e+00
-1.000000000000000000e+00 3.319999999999999840e+00 7.570000000000000284e+00 2.339999999999999858e+00 5.200000000000000178e+00 7.280000000000000249e+00 7.150000000000000355e+00 -1.000000000000000000e+00 2.319999999999999840e+00 1.020000000000000018e+00
-1.000000000000000000e+00 3.299999999999999822e+00 7.400000000000000355e+00 2.310000000000000053e+00 5.250000000000000000e+00 7.209999999999999964e+00 7.169999999999999929e+00 -1.000000000000000000e+00 2.290000000000000036e+00 1.070000000000000062e+00
-1.000000000000000000e+00 3.339999999999999858e+00 7.349999999999999645e+00 2.259999999999999787e+00 5.200000000000000178e+00 7.230000000000000426e+00 7.169999999999999929e+00 -1.000000000000000000e+00 2.319999999999999840e+00 1.100000000000000089e+00
-1.000000000000000000e+00 3.299999999999999822e+00 7.459999999999999964e+00 2.330000000000000071e+00 5.250000000000000000e+00 7.219999999999999751e+00 7.160000000000000142e+00 -1.000000000000000000e+00 2.279999999999999805e+00 1.060000000000000053e+00
-1.000000000000000000e+00 3.310000000000000053e+00 7.500000000000000000e+00 2.290000000000000036e+00 5.209999999999999964e+00 7.250000000000000000e+00 7.200000000000000178e+00 -1.000000000000000000e+00 2.310000000000000053e+00 1.110000000000000098e+00
-1.000000000000000000e+00 3.299999999999999822e+00 7.429999999999999716e+00 2.299999999999999822e+00 5.209999999999999964e+00 7.110000000000000320e+00 7.179999999999999716e+00 -1.000000000000000000e+00 -1.000000000000000000e+00 1.090000000000000080e+00
-1.000000000000000000e+00 3.370000000000000107e+00 7.440000000000000391e+00 2.240000000000000213e+00 5.219999999999999751e+00 7.269999999999999574e+00 7.139999999999999680e+00 -1.000000000000000000e+00 2.279999999999999805e+00 1.070000000000000062e+00
-1.000000000000000000e+00 3.339999999999999858e+00 7.419999999999999929e+00 2.259999999999999787e+00 5.269999999999999574e+00 7.309999999999999609e+00 7.200000000000000178e+00 -1.000000000000000000e+00 2.290000000000000036e+00 1.080000000000000071e+00
-1.000000000000000000e+00 3.330000000000000071e+00 7.459999999999999964e+00 2.259999999999999787e+00 5.200000000000000178e+00 7.179999999999999716e+00 7.129999999999999893e+00 -1.000000000000000000e+00 2.319999999999999840e+00 1.090000000000000080e+00
-1.000000000000000000e+00 3.319999999999999840e+00 7.389999999999999680e+00 2.250000000000000000e+00 5.250000000000000000e+00 7.209999999999999964e+00 7.200000000000000178e+00 -1.000000000000000000e+00 2.350000000000000089e+00 1.020000000000000018e+00
-1.000000000000000000e+00 3.279999999999999805e+00 7.400000000000000355e+00 2.250000000000000000e+00 5.169999999999999929e+00 7.209999999999999964e+00 7.150000000000000355e+00 -1.000000000000000000e+00 2.350000000000000089e+00 1.060000000000000053e+00
-1.000000000000000000e+00 3.339999999999999858e+00 7.400000000000000355e+00 2.299999999999999822e+00 5.209999999999999964e+00 7.179999999999999716e+00 7.169999999999999929e+00 -1.000000000000000000e+00 2.319999999999999840e+00 1.050000000000000044e+00
-1.000000000000000000e+00 3.290000000000000036e+00 7.530000000000000249e+00 2.290000000000000036e+00 5.240000000000000213e+00 7.209999999999999964e+00 7.169999999999999929e+00 -1.000000000000000000e+00 2.299999999999999822e+00 1.110000000000000098e+00
-1.000000000000000000e+00 3.319999999999999840e+00 7.370000000000000107e+00 2.350000000000000089e+00 5.209999999999999964e+00 7.150000000000000355e+00 7.179999999999999716e+00 -1.000000000000000000e+00 2.339999999999999858e+00 1.060000000000000053e+00
-1.000000000000000000e+00 3.330000000000000071e+00 7.429999999999999716e+00 2.319999999999999840e+00 5.269999999999999574e+00 7.230000000000000426e+00 7.129999999999999893e+00 -1.000000000000000000e+00 2.270000000000000018e+00 1.070000000000000062e+00
-1.000000000000000000e+00 3.350000000000000089e+00 7.389999999999999680e+00 2.339999999999999858e+00 5.209999999999999964e+00 7.219999999999999751e+00 7.160000000000000142e+00 -1.000000000000000000e+00 2.279999999999999805e+00 1.090000000000000080e+00
-1.000000000000000000e+00 3.350000000000000089e+00 7.480000000000000426e+00 2.299999999999999822e+00 5.240000000000000213e+00 7.169999999999999929e+00 7.160000000000000142e+00 -1.000000000000000000e+00 2.270000000000000018e+00 1.100000000000000089e+00
-1.000000000000000000e+00 -1.000000000000000000e+00 7.519999999999999574e+00 2.270000000000000018e+00 5.219999999999999751e+00 7.269999999999999574e+00 7.169999999999999929e+00 -1.000000000000000000e+00 2.339999999999999858e+00 1.090000000000000080e+00
-1.000000000000000000e+00 3.350000000000000089e+00 7.440000000000000391e+00 2.270000000000000018e+00 5.190000000000000391e+00 7.269999999999999574e+00 7.129999999999999893e+00 -1.000000000000000000e+00 2.299999999999999822e+00 1.090000000000000080e+00
-1.000000000000000000e+00 3.330000000000000071e+00 7.429999999999999716e+00 2.299999999999999822e+00 5.179999999999999716e+00 7.169999999999999929e+00 7.190000000000000391e+00 -1.000000000000000000e+00 2.270000000000000018e+00 1.050000000000000044e+00
-1.000000000000000000e+00 3.350000000000000089e+00 7.490000000000000213e+00 2.259999999999999787e+00 5.230000000000000426e+00 7.200000000000000178e+00 7.160000000000000142e+00 -1.000000000000000000e+00 2.319999999999999840e+00 1.100000000000000089e+00
-1.000000000000000000e+00 3.350000000000000089e+00 7.400000000000000355e+00 2.290000000000000036e+00 5.269999999999999574e+00 7.129999999999999893e+00 7.179999999999999716e+00 -1.000000000000000000e+00 2.299999999999999822e+00 1.110000000000000098e+00
-1.000000000000000000e+00 3.330000000000000071e+00 7.570000000000000284e+00 2.310000000000000053e+00 5.209999999999999964e+00 7.219999999999999751e+00 7.110000000000000320e+00 -1.000000000000000000e+00 2.290000000000000036e+00 1.070000000000000062e+00
-1.000000000000000000e+00 3.310000000000000053e+00 7.490000000000000213e+00 2.310000000000000053e+00 5.230000000000000426e+00 7.179999999999999716e+00 7.200000000000000178e+00 -1.000000000000000000e+00 2.250000000000000000e+00 1.129999999999999893e+00
-1.000000000000000000e+00 3.330000000000000071e+00 7.370000000000000107e+00 2.290000000000000036e+00 5.200000000000000178e+00 7.169999999999999929e+00 7.150000000000000355e+00 -1.000000000000000000e+00 2.319999999999999840e+00 1.090000000000000080e+00
-1.000000000000000000e+00 3.330000000000000071e+00 7.429999999999999716e+00 2.319999999999999840e+00 5.280000000000000249e+00 7.169999999999999929e+00 7.120000000000000107e+00 -1.000000000000000000e+00 2.279999999999999805e+00 1.040000000000000036e+00
-1.000000000000000000e+00 3.339999999999999858e+00 7.480000000000000426e+00 2.299999999999999822e+00 5.200000000000000178e+00 7.099999999999999645e+00 7.200000000000000178e+00 -1.000000000000000000e+00 2.290000000000000036e+00 1.050000000000000044e+00
-1.000000000000000000e+00 3.319999999999999840e+00 7.429999999999999716e+00 2.319999999999999840e+00 5.209999999999999964e+00 7.200000000000000178e+00 7.139999999999999680e+00 -1.000000000000000000e+00 2.299999999999999822e+00 1.129999999999999893e+00
-1.000000000000000000e+00 3.350000000000000089e+00 7.450000000000000178e+00 2.350000000000000089e+00 5.200000000000000178e+00 7.240000000000000213e+00 7.139999999999999680e+00 -1.000000000000000000e+00 2.310000000000000053e+00 1.040000000000000036e+00
-1.000000000000000000e+00 3.339999999999999858e+00 7.589999999999999858e+00 2.319999999999999840e+00 5.219999999999999751e+00 7.190000000000000391e+00 7.169999999999999929e+00 -1.000000000000000000e+00 2.350000000000000089e+00 1.100000000000000089e+00
-1.000000000000000000e+00 3.290000000000000036e+00 7.360000000000000320e+00 2.240000000000000213e+00 5.209999999999999964e+00 7.200000000000000178e+00 7.139999999999999680e+00 -1.000000000000000000e+00 2.359999999999999876e+00 1.090000000000000080e+00
-1.000000000000000000e+00 3.339999999999999858e+00 7.500000000000000000e+00 2.310000000000000053e+00 5.250000000000000000e+00 7.280000000000000249e+00 7.179999999999999716e+00 -1.000000000000000000e+00 2.270000000000000018e+00 1.070000000000000062e+00
-1.000000000000000000e+00 3.330000000000000071e+00 7.459999999999999964e+00 2.259999999999999787e+00 5.219999999999999751e+00 7.200000000000000178e+00 7.169999999999999929e+00 -1.000000000000000000e+00 2.330000000000000071e+00 1.050000000000000044e+00
-1.000000000000000000e+00 3.310000000000000053e+00 7.410000000000000142e+00 2.279999999999999805e+00 5.190000000000000391e+00 7.169999999999999929e+00 7.179999999999999716e+00 -1.000000000000000000e+00 2.290000000000000036e+00 1.050000000000000044e+00
-1.000000000000000000e+00 3.299999999999999822e+00 7.360000000000000320e+00 2.279999999999999805e+00 5.240000000000000213e+00 7.219999999999999751e+00 7.160000000000000142e+00 -1.000000000000000000e+00 2.290000000000000036e+00 1.050000000000000044e+00
-1.000000000000000000e+00 3.339999999999999858e+00 7.400000000000000355e+00 2.229999999999999982e+00 5.190000000000000391e+00 7.240000000000000213e+00 7.179999999999999716e+00 -1.000000000000000000e+00 2.350000000000000089e+00 1.070000000000000062e+00
-1.000000000000000000e+00 3.310000000000000053e+00 7.469999999999999751e+00 2.359999999999999876e+00 5.230000000000000426e+00 7.129999999999999893e+00 7.150000000000000355e+00 -1.000000000000000000e+00 2.299999999999999822e+00 1.100000000000000089e+00
