-1.000000000000000000e+00 -1.000000000000000000e+00 -1.000000000000000000e+00 -1.000000000000000000e+00 -1.000000000000000000e+00 -1.000000000000000000e+00 -1.000000000000000000e+00 -1.000000000000000000e+00 -1.000000000000000000e+00 -1.000000000000000000e+00
1.030000000000000027e+00 2.620000000000000107e+00 -1.000000000000000000e+00 2.520000000000000018e+00 4.709999999999999964e+00 -1.000000000000000000e+00 -1.000000000000000000e+00 -1.000000000000000000e+00 -1.000000000000000000e+00 -1.000000000000000000e+00
1.000000000000000000e+00 2.660000000000000142e+00 -1.000000000000000000e+00 2.620000000000000107e+00 4.759999999999999787e+00 -1.000000000000000000e+00 -1.000000000000000000e+00 -1.000000000000000000e+00 -1.000000000000000000e+00 -1.000000000000000000e+00
1.030000000000000027e+00 2.680000000000000160e+00 -1.000000000000000000e+00 2.589999999999999858e+00 4.759999999999999787e+00 -1.000000000000000000e+00 -1.000000000000000000e+00 -1.000000000000000000e+00 -1.000000000000000000e+00 -1.000000000000000000e+00
1.070000000000000062e+00 2.640000000000000124e+00 -1.000000000000000000e+00 2.520000000000000018e+00 4.820000000000000284e+00 -1.000000000000000000e+00 -1.000000000000000000e+00 -1.000000000000000000e+00 -1.000000000000000000e+00 -1.000000000000000000e+00
1.010000000000000009e+00 2.600000000000000089e+00 -1.000000000000000000e+00 2.520000000000000018e+00 4.780000000000000249e+00 -1.000000000000000000e+00 -1.000000000000000000e+00 -1.000000000000000000e+00 -1.000000000000000000e+00 -1.000000000000000000e+00
1.020000000000000018e+00 2.589999999999999858e+00 -1.000000000000000000e+00 2.540000000000000036e+00 4.769999999999999574e+00 -1.000000000000000000e+00 -1.000000000000000000e+00 -1.000000000000000000e+00 -1.000000000000000000e+00 -1.000000000000000000e+00
1.020000000000000018e+00 2.620000000000000107e+00 -1.000000000000000000e+00 2.540000000000000036e+00 4.740000000000000213e+00 -1.000000000000000000e+00 -1.000000000000000000e+00 -1.000000000000000000e+00 -1.000000000000000000e+00 -1.000000000000000000e+00
1.020000000000000018e+00 2.700000000000000178e+00 -1.000000000000000000e+00 2.600000000000000089e+00 4.750000000000000000e+00 -1.000000000000000000e+00 -1.000000000000000000e+00 -1.000000000000000000e+00 -1.000000000000000000e+00 -1.000000000000000000e+00
1.010000000000000009e+00 2.629999999999999893e+00 -1.000000000000000000e+00 2.560000000000000053e+00 4.750000000000000000e+00 -1.000000000000000000e+00 -1.000000000000000000e+00 -1.000000000000000000e+00 -1.000000000000000000e+00 -1.000000000000000000e+00
1.030000000000000027e+00 2.649999999999999911e+00 -1.000000000000000000e+00 2.560000000000000053e+00 4.740000000000000213e+00 -1.000000000000000000e+00 -1.000000000000000000e+00 -1.000000000000000000e+00 -1.000000000000000000e+00 -1.000000000000000000e+00
9.799999999999999822e-01 2.660000000000000142e+00 -1.000000000000000000e+00 2.600000000000000089e+00 4.790000000000000036e+00 -1.000000000000000000e+00 -1.000000000000000000e+00 -1.000000000000000000e+00 -1.000000000000000000e+00 -1.000000000000000000e+00
1.010000000000000009e+00 2.620000000000000107e+00 -1.000000000000000000e+00 2.569999999999999840e+00 4.719999999999999751e+00 -1.000000000000000000e+00 -1.000000000000000000e+00 -1.000000000000000000e+00 -1.000000000000000000e+00 -1.000000000000000000e+00
9.899999999999999911e-01 2.660000000000000142e+00 -1.000000000000000000e+00 2.580000000000000071e+00 4.769999999999999574e+00 -1.000000000000000000e+00 -1.000000000000000000e+00 -1.000000000000000000e+00 -1.000000000000000000e+00 -1.000000000000000000e+00
1.030000000000000027e+00 2.560000000000000053e+00 -1.000000000000000000e+00 2.589999999999999858e+00 4.750000000000000000e+00 -1.000000000000000000e+00 -1.000000000000000000e+00 -1.000000000000000000e+00 -1.000000000000000000e+00 -1.000000000000000000e+00
1.020000000000000018e+00 2.680000000000000160e+00 -1.000000000000000000e+00 2.580000000000000071e+00 4.809999999999999609e+00 -1.000000000000000000e+00 -1.000000000000000000e+00 -1.000000000000000000e+00 -1.000000000000000000e+00 -1.000000000000000000e+00
1.020000000000000018e+00 2.640000000000000124e+00 -1.000000000000000000e+00 2.430000000000000160e+00 4.730000000000000426e+00 -1.000000000000000000e+00 -1.000000000000000000e+00 -1.000000000000000000e+00 -1.000000000000000000e+00 -1.000000000000000000e+00
1.000000000000000000e+00 2.680000000000000160e+00 -1.000000000000000000e+00 2.529999999999999805e+00 4.759999999999999787e+00 -1.000000000000000000e+00 -1.000000000000000000e+00 -1.000000000000000000e+00 -1.000000000000000000e+00 -1.000000000000000000e+00
1.030000000000000027e+00 2.649999999999999911e+00 -1.000000000000000000e+00 2.549999999999999822e+00 4.750000000000000000e+00 -1.000000000000000000e+00 -1.000000000000000000e+00 -1.000000000000000000e+00 -1.000000000000000000e+00 -1.000000000000000000e+00
1.040000000000000036e+00 2.609999999999999876e+00 -1.000000000000000000e+00 2.549999999999999822e+00 4.740000000000000213e+00 -1.000000000000000000e+00 -1.000000000000000000e+00 -1.000000000000000000e+00 -1.000000000000000000e+00 -1.000000000000000000e+00
1.030000000000000027e+00 2.580000000000000071e+00 -1.000000000000000000e+00 2.560000000000000053e+00 4.780000000000000249e+00 -1.000000000000000000e+00 -1.000000000000000000e+00 -1.000000000000000000e+00 -1.000000000000000000e+00 -1.000000000000000000e+00
1.010000000000000009e+00 2.640000000000000124e+00 -1.000000000000000000e+00 2.569999999999999840e+00 4.750000000000000000e+00 -1.000000000000000000e+00 -1.000000000000000000e+00 -1.000000000000000000e+00 -1.000000000000000000e+00 -1.000000000000000000e+00
1.030000000000000027e+00 2.600000000000000089e+00 -1.000000000000000000e+00 2.509999999999999787e+00 4.780000000000000249e+00 -1.000000000000000000e+00 -1.000000000000000000e+00 -1.000000000000000000e+00 -1.000000000000000000e+00 -1.000000000000000000e+00
1.020000000000000018e+00 2.620000000000000107e+00 -1.000000000000000000e+00 2.620000000000000107e+00 4.740000000000000213e+00 -1.000000000000000000e+00 -1.000000000000000000e+00 -1.000000000000000000e+00 -1.000000000000000000e+00 -1.000000000000000000e+00
1.020000000000000018e+00 2.649999999999999911e+00 -1.000000000000000000e+00 2.549999999999999822e+00 4.740000000000000213e+00 -1.000000000000000000e+00 -1.000000000000000000e+00 -1.000000000000000000e+00 -1.000000000000000000e+00 -1.000000000000000000e+00
1.010000000000000009e+00 2.620000000000000107e+00 -1.000000000000000000e+00 2.560000000000000053e+00 4.780000000000000249e+00 -1.000000000000000000e+00 -1.000000000000000000e+00 -1.000000000000000000e+00 -1.000000000000000000e+00 -1.000000000000000000e+00
1.020000000000000018e+00 2.629999999999999893e+00 -1.000000000000000000e+00 2.600000000000000089e+00 4.759999999999999787e+00 -1.000000000000000000e+00 -1.000000000000000000e+00 -1.000000000000000000e+00 -1.000000000000000000e+00 -1.000000000000000000e+00
1.030000000000000027e+00 2.569999999999999840e+00 -1.000000000000000000e+00 2.580000000000000071e+00 4.780000000000000249e+00 -1.000000000000000000e+00 -1.000000000000000000e+00 -1.000000000000000000e+00 -1.000000000000000000e+00 -1.000000000000000000e+00
1.020000000000000018e+00 2.680000000000000160e+00 -1.000000000000000000e+00 2.560000000000000053e+00 4.750000000000000000e+00 -1.000000000000000000e+00 -1.000000000000000000e+00 -1.000000000000000000e+00 -1.000000000000000000e+00 -1.000000000000000000e+00
1.010000000000000009e+00 2.629999999999999893e+00 -1.000000000000000000e+00 2.620000000000000107e+00 4.740000000000000213e+00 -1.000000000000000000e+00 -1.000000000000000000e+00 -1.000000000000000000e+00 -1.000000000000000000e+00 -1.000000000000000000e+00
1.020000000000000018e+00 2.669999999999999929e+00 -1.000000000000000000e+00 2.569999999999999840e+00 4.709999999999999964e+00 -1.000000000000000000e+00 -1.000000000000000000e+00 -1.000000000000000000e+00 -1.000000000000000000e+00 -1.000000000000000000e+00
1.050000000000000044e+00 2.669999999999999929e+00 -1.000000000000000000e+00 2.600000000000000089e+00 4.780000000000000249e+00 -1.000000000000000000e+00 -1.000000000000000000e+00 -1.000000000000000000e+00 -1.000000000000000000e+00 -1.000000000000000000e+00
1.010000000000000009e+00 2.640000000000000124e+00 -1.000000000000000000e+00 2.589999999999999858e+00 4.700000000000000178e+00 -1.000000000000000000e+00 -1.000000000000000000e+00 -1.000000000000000000e+00 -1.000000000000000000e+00 -1.000000000000000000e+00
1.000000000000000000e+00 2.640000000000000124e+00 -1.000000000000000000e+00 2.580000000000000071e+00 4.769999999999999574e+00 -1.000000000000000000e+00 -1.000000000000000000e+00 -1.000000000000000000e+00 -1.000000000000000000e+00 -1.000000000000000000e+00
9.799999999999999822e-01 2.629999999999999893e+00 -1.000000000000000000e+00 2.560000000000000053e+00 4.740000000000000213e+00 -1.000000000000000000e+00 -1.000000000000000000e+00 -1.000000000000000000e+00 -1.000000000000000000e+00 -1.000000000000000000e+00
1.000000000000000000e+00 2.649999999999999911e+00 -1.000000000000000000e+00 2.560000000000000053e+00 4.759999999999999787e+00 -1.000000000000000000e+00 -1.000000000000000000e+00 -1.000000000000000000e+00 -1.000000000000000000e+00 -1.000000000000000000e+00
1.010000000000000009e+00 2.629999999999999893e+00 -1.000000000000000000e+00 2.589999999999999858e+00 4.780000000000000249e+00 -1.000000000000000000e+00 -1.000000000000000000e+00 -1.000000000000000000e+00 -1.000000000000000000e+00 -1.000000000000000000e+00
1.050000000000000044e+00 2.600000000000000089e+00 -1.000000000000000000e+00 2.560000000000000053e+00 4.719999999999999751e+00 -1.000000000000000000e+00 -1.000000000000000000e+00 -1.000000000000000000e+00 -1.000000000000000000e+00 -1.000000000000000000e+00
1.020000000000000018e+00 2.629999999999999893e+00 -1.000000000000000000e+00 2.560000000000000053e+00 4.719999999999999751e+00 -1.000000000000000000e+00 -1.000000000000000000e+00 -1.000000000000000000e+00 -1.000000000000000000e+00 -1.000000000000000000e+00
1.000000000000000000e+00 2.629999999999999893e+00 -1.000000000000000000e+00 2.580000000000000071e+00 4.719999999999999751e+00 -1.000000000000000000e+00 -1.000000000000000000e+00 -1.000000000000000000e+00 -1.000000000000000000e+00 -1.000000000000000000e+00
1.030000000000000027e+00 2.620000000000000107e+00 -1.000000000000000000e+00 2.560000000000000053e+00 4.759999999999999787e+00 -1.000000000000000000e+00 -1.000000000000000000e+00 -1.000000000000000000e+00 -1.000000000000000000e+00 -1.000000000000000000e+00
1.030000000000000027e+00 2.600000000000000089e+00 -1.000000000000000000e+00 2.620000000000000107e+00 4.750000000000000000e+00 -1.000000000000000000e+00 -1.000000000000000000e+00 -1.000000000000000000e+00 -1.000000000000000000e+00 -1.000000000000000000e+00
1.050000000000000044e+00 2.600000000000000089e+00 -1.000000000000000000e+00 2.540000000000000036e+00 4.750000000000000000e+00 -1.000000000000000000e+00 -1.000000000000000000e+00 -1.000000000000000000e+00 -1.000000000000000000e+00 -1.000000000000000000e+00
1.030000000000000027e+00 2.600000000000000089e+00 -1.000000000000000000e+00 2.620000000000000107e+00 4.719999999999999751e+00 -1.000000000000000000e+00 -1.000000000000000000e+00 -1.000000000000000000e+00 -1.000000000000000000e+00 -1.000000000000000000e+00
1.030000000000000027e+00 2.649999999999999911e+00 -1.000000000000000000e+00 2.600000000000000089e+00 4.759999999999999787e+00 -1.000000000000000000e+00 -1.000000000000000000e+00 -1.000000000000000000e+00 -1.000000000000000000e+00 -1.000000000000000000e+00
1.030000000000000027e+00 2.649999999999999911e+00 -1.000000000000000000e+00 2.569999999999999840e+00 4.790000000000000036e+00 -1.000000000000000000e+00 -1.000000000000000000e+00 -1.000000000000000000e+00 -1.000000000000000000e+00 -1.000000000000000000e+00
1.020000000000000018e+00 2.600000000000000089e+00 -1.000000000000000000e+00 2.600000000000000089e+00 4.769999999999999574e+00 -1.000000000000000000e+00 -1.000000000000000000e+00 -1.000000000000000000e+00 -1.000000000000000000e+00 -1.000000000000000000e+00
1.000000000000000000e+00 2.589999999999999858e+00 -1.000000000000000000e+00 2.600000000000000089e+00 4.740000000000000213e+00 -1.000000000000000000e+00 -1.000000000000000000e+00 -1.000000000000000000e+00 -1.000000000000000000e+00 -1.000000000000000000e+00
1.030000000000000027e+00 2.620000000000000107e+00 -1.000000000000000000e+00 2.609999999999999876e+00 4.719999999999999751e+00 -1.000000000000000000e+00 -1.000000000000000000e+00 -1.000000000000000000e+00 -1.000000000000000000e+00 -1.000000000000000000e+00
1.050000000000000044e+00 2.629999999999999893e+00 -1.000000000000000000e+00 2.560000000000000053e+00 4.719999999999999751e+00 -1.000000000000000000e+00 -1.000000000000000000e+00 -1.000000000000000000e+00 -1.000000000000000000e+00 -1.000000000000000000e+00
1.050000000000000044e+00 2.609999999999999876e+00 -1.000000000000000000e+00 2.609999999999999876e+00 4.790000000000000036e+00 -1.000000000000000000e+00 -1.000000000000000000e+00 -1.000000000000000000e+00 -1.000000000000000000e+00 -1.000000000000000000e+00
1.010000000000000009e+00 2.560000000000000053e+00 -1.000000000000000000e+00 2.540000000000000036e+00 4.700000000000000178e+00 -1.000000000000000000e+00 -1.000000000000000000e+00 -1.000000000000000000e+00 -1.000000000000000000e+00 -1.000000000000000000e+00
1.050000000000000044e+00 2.600000000000000089e+00 -1.000000000000000000e+00 2.520000000000000018e+00 4.740000000000000213e+00 -1.000000000000000000e+00 -1.000000000000000000e+00 -1.000000000000000000e+00 -1.000000000000000000e+00 -1.000000000000000000e+00
1.020000000000000018e+00 2.609999999999999876e+00 -1.000000000000000000e+00 2.689999999999999947e+00 4.730000000000000426e+00 -1.000000000000000000e+00 -1.000000000000000000e+00 -1.000000000000000000e+00 -1.000000000000000000e+00 -1.000000000000000000e+00
1.020000000000000018e+00 2.609999999999999876e+00 -1.000000000000000000e+00 2.620000000000000107e+00 4.780000000000000249e+00 -1.000000000000000000e+00 -1.000000000000000000e+00 -1.000000000000000000e+00 -1.000000000000000000e+00 -1.000000000000000000e+00
1.040000000000000036e+00 2.569999999999999840e+00 -1.000000000000000000e+00 2.600000000000000089e+00 4.759999999999999787e+00 -1.000000000000000000e+00 -1.000000000000000000e+00 -1.000000000000000000e+00 -1.000000000000000000e+00 -1.000000000000000000e+00
1.000000000000000000e+00 2.640000000000000124e+00 -1.000000000000000000e+00 2.589999999999999858e+00 4.740000000000000213e+00 -1.000000000000000000e+00 -1.000000000000000000e+00 -1.000000000000000000e+00 -1.000000000000000000e+00 -1.000000000000000000e+00
1.040000000000000036e+00 2.549999999999999822e+00 -1.000000000000000000e+00 2.609999999999999876e+00 4.730000000000000426e+00 -1.000000000000000000e+00 -1.000000000000000000e+00 -1.000000000000000000e+00 -1.000000000000000000e+00 -1.000000000000000000e+00
1.000000000000000000e+00 2.629999999999999893e+00 -1.000000000000000000e+00 2.580000000000000071e+00 4.759999999999999787e+00 -1.000000000000000000e+00 -1.000000000000000000e+00 -1.000000000000000000e+00 -1.000000000000000000e+00 -1.000000000000000000e+00
1.010000000000000009e+00 2.640000000000000124e+00 -1.000000000000000000e+00 2.609999999999999876e+00 4.809999999999999609e+00 -1.000000000000000000e+00 -1.000000000000000000e+00 -1.000000000000000000e+00 -1.000000000000000000e+00 -1.000000000000000000e+00
1.030000000000000027e+00 2.600000000000000089e+00 -1.000000000000000000e+00 2.580000000000000071e+00 4.750000000000000000e+00 -1.000000000000000000e+00 -1.000000000000000000e+00 -1.000000000000000000e+00 -1.000000000000000000e+00 -1.000000000000000000e+00
1.040000000000000036e+00 2.640000000000000124e+00 -1.000000000000000000e+00 2.580000000000000071e+00 4.769999999999999574e+00 -1.000000000000000000e+00 -1.000000000000000000e+00 -1.000000000000000000e+00 -1.000000000000000000e+00 -1.000000000000000000e+00
1.020000000000000018e+00 2.600000000000000089e+00 -1.000000000000000000e+00 2.589999999999999858e+00 4.780000000000000249e+00 -1.000000000000000000e+00 -1.000000000000000000e+00 -1.000000000000000000e+00 -1.000000000000000000e+00 -1.000000000000000000e+00
1.050000000000000044e+00 2.680000000000000160e+00 -1.000000000000000000e+00 2.609999999999999876e+00 4.740000000000000213e+00 -1.000000000000000000e+00 -1.000000000000000000e+00 -1.000000000000000000e+00 -1.000000000000000000e+00 -1.000000000000000000e+00
1.030000000000000027e+00 2.620000000000000107e+00 -1.000000000000000000e+00 2.689999999999999947e+00 4.809999999999999609e+00 -1.000000000000000000e+00 -1.000000000000000000e+00 -1.000000000000000000e+00 -1.000000000000000000e+00 -1.000000000000000000e+00
1.040000000000000036e+00 2.609999999999999876e+00 -1.000000000000000000e+00 2.640000000000000124e+00 4.820000000000000284e+00 -1.000000000000000000e+00 -1.000000000000000000e+00 -1.000000000000000000e+00 -1.000000000000000000e+00 -1.000000000000000000e+00
1.020000000000000018e+00 2.620000000000000107e+00 -1.000000000000000000e+00 2.560000000000000053e+00 4.759999999999999787e+00 -1.000000000000000000e+00 -1.000000000000000000e+00 -1.000000000000000000e+00 -1.000000000000000000e+00 -1.000000000000000000e+00
1.040000000000000036e+00 2.700000000000000178e+00 -1.000000000000000000e+00 2.680000000000000160e+00 4.730000000000000426e+00 -1.000000000000000000e+00 -1.000000000000000000e+00 -1.000000000000000000e+00 -1.000000000000000000e+00 -1.000000000000000000e+00
1.050000000000000044e+00 2.649999999999999911e+00 -1.000000000000000000e+00 2.529999999999999805e+00 4.730000000000000426e+00 -1.000000000000000000e+00 -1.000000000000000000e+00 -1.000000000000000000e+00 -1.000000000000000000e+00 -1.000000000000000000e+00
1.060000000000000053e+00 2.660000000000000142e+00 -1.000000000000000000e+00 2.620000000000000107e+00 4.799999999999999822e+00 -1.000000000000000000e+00 -1.000000000000000000e+00 -1.000000000000000000e+00 -1.000000000000000000e+00 -1.000000000000000000e+00
1.000000000000000000e+00 2.640000000000000124e+00 -1.000000000000000000e+00 2.609999999999999876e+00 4.759999999999999787e+00 -1.000000000000000000e+00 -1.000000000000000000e+00 -1.000000000000000000e+00 -1.000000000000000000e+00 -1.000000000000000000e+00
1.030000000000000027e+00 2.600000000000000089e+00 -1.000000000000000000e+00 2.640000000000000124e+00 4.679999999999999716e+00 -1.000000000000000000e+00 -1.000000000000000000e+00 -1.000000000000000000e+00 -1.000000000000000000e+00 -1.000000000000000000e+00
1.000000000000000000e+00 2.620000000000000107e+00 -1.000000000000000000e+00 2.720000000000000195e+00 4.780000000000000249e+00 -1.000000000000000000e+00 -1.000000000000000000e+00 -1.000000000000000000e+00 -1.000000000000000000e+00 -1.000000000000000000e+00
9.899999999999999911e-01 2.620000000000000107e+00 -1.000000000000000000e+00 2.600000000000000089e+00 4.709999999999999964e+00 -1.000000000000000000e+00 -1.000000000000000000e+00 -1.000000000000000000e+00 -1.000000000000000000e+00 -1.000000000000000000e+00
1.020000000000000018e+00 2.600000000000000089e+00 -1.000000000000000000e+00 2.580000000000000071e+00 4.759999999999999787e+00 -1.000000000000000000e+00 -1.000000000000000000e+00 -1.000000000000000000e+00 -1.000000000000000000e+00 -1.000000000000000000e+00
9.799999999999999822e-01 2.649999999999999911e+00 -1.000000000000000000e+00 2.629999999999999893e+00 4.759999999999999787e+00 -1.000000000000000000e+00 -1.000000000000000000e+00 -1.000000000000000000e+00 -1.000000000000000000e+00 -1.000000000000000000e+00
1.030000000000000027e+00 2.629999999999999893e+00 -1.000000000000000000e+00 2.600000000000000089e+00 4.780000000000000249e+00 -1.000000000000000000e+00 -1.000000000000000000e+00 -1.000000000000000000e+00 -1.000000000000000000e+00 -1.000000000000000000e+00
1.040000000000000036e+00 2.600000000000000089e+00 -1.000000000000000000e+00 2.540000000000000036e+00 4.759999999999999787e+00 -1.000000000000000000e+00 -1.000000000000000000e+00 -1.000000000000000000e+00 -1.000000000000000000e+00 -1.000000000000000000e+00
1.020000000000000018e+00 2.640000000000000124e+00 -1.000000000000000000e+00 2.600000000000000089e+00 4.750000000000000000e+00 -1.000000000000000000e+00 -1.000000000000000000e+00 -1.000000000000000000e+00 -1.000000000000000000e+00 -1.000000000000000000e+00
1.000000000000000000e+00 2.649999999999999911e+00 -1.000000000000000000e+00 2.669999999999999929e+00 4.730000000000000426e+00 -1.000000000000000000e+00 -1.000000000000000000e+00 -1.000000000000000000e+00 -1.000000000000000000e+00 -1.000000000000000000e+00
1.020000000000000018e+00 2.629999999999999893e+00 -1.000000000000000000e+00 2.520000000000000018e+00 4.740000000000000213e+00 -1.000000000000000000e+00 -1.000000000000000000e+00 -1.000000000000000000e+00 -1.000000000000000000e+00 -1.000000000000000000e+00
1.010000000000000009e+00 2.669999999999999929e+00 -1.000000000000000000e+00 2.540000000000000036e+00 4.719999999999999751e+00 -1.000000000000000000e+00 -1.000000000000000000e+00 -1.000000000000000000e+00 -1.000000000000000000e+00 -1.000000000000000000e+00
1.010000000000000009e+00 2.680000000000000160e+00 -1.000000000000000000e+00 2.580000000000000071e+00 4.759999999999999787e+00 -1.000000000000000000e+00 -1.000000000000000000e+00 -1.000000000000000000e+00 -1.000000000000000000e+00 -1.000000000000000000e+00
1.000000000000000000e+00 2.609999999999999876e+00 -1.000000000000000000e+00 2.520000000000000018e+00 4.730000000000000426e+00 -1.000000000000000000e+00 -1.000000000000000000e+00 -1.000000000000000000e+00 -1.000000000000000000e+00 -1.000000000000000000e+00
1.060000000000000053e+00 2.669999999999999929e+00 -1.000000000000000000e+00 2.549999999999999822e+00 4.759999999999999787e+00 -1.000000000000000000e+00 -1.000000000000000000e+00 -1.000000000000000000e+00 -1.000000000000000000e+00 -1.000000000000000000e+00
1.030000000000000027e+00 2.609999999999999876e+00 -1.000000000000000000e+00 2.620000000000000107e+00 4.719999999999999751e+00 -1.000000000000000000e+00 -1.000000000000000000e+00 -1.000000000000000000e+00 -1.000000000000000000e+00 -1.000000000000000000e+00
1.010000000000000009e+00 2.640000000000000124e+00 -1.000000000000000000e+00 2.580000000000000071e+00 4.730000000000000426e+00 -1.000000000000000000e+00 -1.000000000000000000e+00 -1.000000000000000000e+00 -1.000000000000000000e+00 -1.000000000000000000e+00
9.899999999999999911e-01 2.669999999999999929e+00 -1.000000000000000000e+00 2.520000000000000018e+00 4.730000000000000426e+00 -1.000000000000000000e+00 -1.000000000000000000e+00 -1.000000000000000000e+00 -1.000000000000000000e+00 -1.000000000000000000e+00
1.050000000000000044e+00 2.649999999999999911e+00 -1.000000000000000000e+00 2.620000000000000107e+00 4.740000000000000213e+00 -1.000000000000000000e+00 -1.000000000000000000e+00 -1.000000000000000000e+00 -1.000000000000000000e+00 -1.000000000000000000e+00
1.040000000000000036e+00 2.609999999999999876e+00 -1.000000000000000000e+00 2.589999999999999858e+00 4.769999999999999574e+00 -1.000000000000000000e+00 -1.000000000000000000e+00 -1.000000000000000000e+00 -1.000000000000000000e+00 -1.000000000000000000e+00
1.050000000000000044e+00 2.560000000000000053e+00 -1.000000000000000000e+00 2.609999999999999876e+00 4.759999999999999787e+00 -1.000000000000000000e+00 -1.000000000000000000e+00 -1.000000000000000000e+00 -1.000000000000000000e+00 -1.000000000000000000e+00
1.020000000000000018e+00 2.629999999999999893e+00 -1.000000000000000000e+00 2.580000000000000071e+00 4.809999999999999609e+00 -1.000000000000000000e+00 -1.000000000000000000e+00 -1.000000000000000000e+00 -1.000000000000000000e+00 -1.000000000000000000e+00
1.010000000000000009e+00 2.680000000000000160e+00 -1.000000000000000000e+00 2.500000000000000000e+00 4.709999999999999964e+00 -1.000000000000000000e+00 -1.000000000000000000e+00 -1.000000000000000000e+00 -1.000000000000000000e+00 -1.000000000000000000e+00
1.060000000000000053e+00 2.660000000000000142e+00 -1.000000000000000000e+00 2.520000000000000018e+00 4.830000000000000071e+00 -1.000000000000000000e+00 -1.000000000000000000e+00 -1.000000000000000000e+00 -1.000000000000000000e+00 -1.000000000000000000e+00
1.040000000000000036e+00 2.620000000000000107e+00 -1.000000000000000000e+00 2.520000000000000018e+00 4.750000000000000000e+00 -1.000000000000000000e+00 -1.000000000000000000e+00 -1.000000000000000000e+00 -1.000000000000000000e+00 -1.000000000000000000e+00
1.050000000000000044e+00 2.669999999999999929e+00 -1.000000000000000000e+00 2.600000000000000089e+00 4.740000000000000213e+00 -1.000000000000000000e+00 -1.000000000000000000e+00 -1.000000000000000000e+00 -1.000000000000000000e+00 -1.000000000000000000e+00
1.030000000000000027e+00 2.640000000000000124e+00 -1.000000000000000000e+00 2.620000000000000107e+00 4.679999999999999716e+00 -1.000000000000000000e+00 -1.000000000000000000e+00 -1.000000000000000000e+00 -1.000000000000000000e+00 -1.000000000000000000e+00
1.020000000000000018e+00 2.640000000000000124e+00 -1.000000000000000000e+00 2.520000000000000018e+00 4.759999999999999787e+00 -1.000000000000000000e+00 -1.000000000000000000e+00 -1.000000000000000000e+00 -1.000000000000000000e+00 -1.000000000000000000e+00
1.060000000000000053e+00 2.600000000000000089e+00 -1.000000000000000000e+00 2.560000000000000053e+00 4.740000000000000213e+00 -1.000000000000000000e+00 -1.000000000000000000e+00 -1.000000000000000000e+00 -1.000000000000000000e+00 -1.000000000000000000e+00
1.030000000000000027e+00 2.620000000000000107e+00 -1.000000000000000000e+00 2.580000000000000071e+00 4.750000000000000000e+00 -1.000000000000000000e+00 -1.000000000000000000e+00 -1.000000000000000000e+00 -1.000000000000000000e+00 -1.000000000000000000e+00
